
    Income_E_D_TRLminus(t,x,z) := data table 
                    1       2       3       4       5       6       7       8       9      10      11      12      13      14
            !  ------  ------  ------  ------  ------  ------  ------  ------  ------  ------  ------  ------  ------  ------
(   1, Elec )  11.987  11.987  11.987  11.987  11.987  11.987  11.987  11.987  11.987          11.987  11.987  11.987  11.987
(   2, Elec )  11.987  11.987  11.987  11.987  11.987  11.987  11.987  11.987  11.987  11.987          11.987  11.987  11.987
(   3, Elec )  11.987  11.987  11.987  11.987  11.987  11.987  11.987  11.987  11.987  11.987  11.987  11.987  11.987  11.987
(   4, Elec )  11.987  11.987  11.987  11.987  11.987          11.987  11.987  11.987  11.987  11.987  11.987  11.987  11.987
(   5, Elec )  11.973  11.973  11.973  11.973  11.973  11.973  11.973  11.973          11.973  11.973  11.973  11.973  11.973
(   6, Elec )  11.973  11.973  11.973  11.973  11.973  11.973  11.973  11.973  11.973  11.973  11.973  11.973  11.973  11.973
(   7, Elec )  11.973  11.973  11.973  11.973  11.973  11.973  11.973  11.973  11.973  11.973  11.973  11.973  11.973  11.973
(   8, Elec )  11.973  11.973  11.973  11.973  11.973  11.973  11.973          11.973  11.973  11.973  11.973  11.973  11.973
(   9, Elec )  12.000  12.000  12.000  12.000  12.000  12.000  12.000  12.000  12.000  12.000  12.000  12.000  12.000  12.000
(  10, Elec )  12.000  12.000  12.000  12.000  12.000  12.000  12.000  12.000          12.000  12.000  12.000  12.000  12.000
(  11, Elec )  12.000  12.000  12.000  12.000  12.000  12.000  12.000  12.000  12.000  12.000  12.000  12.000  12.000  12.000
(  12, Elec )  12.000  12.000  12.000  12.000  12.000  12.000  12.000  12.000  12.000  12.000  12.000  12.000  12.000  12.000
(  13, Elec )   8.209   8.209   8.209   8.209   8.209   8.209           8.209   8.209   8.209   8.209   8.209   8.209   8.209
(  14, Elec )   8.209   8.209   8.209   8.209   8.209   8.209           8.209   8.209   8.209   8.209   8.209   8.209   8.209
(  15, Elec )   8.209   8.209   8.209   8.209   8.209   8.209   8.209   8.209   8.209   8.209   8.209   8.209   8.209   8.209
(  16, Elec )   8.209   8.209   8.209   8.209   8.209           8.209   8.209   8.209   8.209   8.209   8.209   8.209   8.209
(  17, Elec )  12.000  12.000  12.000  12.000  12.000  12.000  12.000  12.000  12.000  12.000  12.000  12.000  12.000  12.000
(  18, Elec )          12.000  12.000  12.000  12.000  12.000  12.000  12.000  12.000  12.000  12.000  12.000  12.000  12.000
(  19, Elec )  12.000  12.000  12.000  12.000  12.000  12.000  12.000  12.000  12.000  12.000  12.000  12.000  12.000  12.000
(  20, Elec )  12.000  12.000  12.000  12.000  12.000  12.000  12.000  12.000  12.000  12.000  12.000  12.000  12.000  12.000
(  21, Elec )  12.000  12.000  12.000  12.000  12.000  12.000  12.000  12.000  12.000  12.000  12.000  12.000  12.000  12.000
(  22, Elec )  12.000  12.000  12.000  12.000  12.000  12.000  12.000  12.000  12.000  12.000          12.000  12.000  12.000
(  23, Elec )  12.000  12.000  12.000          12.000  12.000  12.000  12.000  12.000  12.000  12.000  12.000  12.000  12.000
(  24, Elec )  12.000  12.000  12.000  12.000  12.000  12.000  12.000  12.000  12.000  12.000  12.000  12.000  12.000  12.000
(  25, Elec )  12.000  12.000  12.000  12.000  12.000  12.000          12.000  12.000  12.000  12.000  12.000  12.000        
(  26, Elec )  12.000  12.000  12.000  12.000          12.000  12.000  12.000  12.000  12.000  12.000  12.000  12.000  12.000
(  27, Elec )  12.000  12.000  12.000  12.000  12.000  12.000          12.000  12.000  12.000  12.000  12.000  12.000  12.000
(  28, Elec )  12.000  12.000          12.000  12.000  12.000  12.000  12.000  12.000  12.000  12.000  12.000  12.000  12.000
(  29, Elec )  12.000  12.000  12.000  12.000  12.000  12.000  12.000  12.000  12.000  12.000          12.000  12.000  12.000
(  30, Elec )  12.000  12.000  12.000  12.000  12.000  12.000          12.000  12.000  12.000  12.000  12.000  12.000  12.000
(  31, Elec )  12.000  12.000  12.000  12.000  12.000  12.000  12.000  12.000  12.000  12.000  12.000  12.000  12.000  12.000
(  32, Elec )  12.000  12.000          12.000  12.000  12.000  12.000  12.000  12.000  12.000  12.000  12.000  12.000  12.000
(  33, Elec )  11.061  11.061  11.061  11.061  11.061  11.061  11.061          11.061  11.061  11.061  11.061  11.061  11.061
(  34, Elec )  11.061  11.061  11.061  11.061  11.061  11.061  11.061  11.061  11.061  11.061  11.061          11.061  11.061
(  35, Elec )  11.061  11.061  11.061  11.061  11.061  11.061  11.061  11.061  11.061  11.061  11.061  11.061  11.061  11.061
(  36, Elec )  11.061                  11.061  11.061  11.061  11.061  11.061  11.061  11.061  11.061  11.061  11.061  11.061
(  37, Elec )  12.000          12.000  12.000  12.000  12.000  12.000  12.000  12.000  12.000  12.000  12.000  12.000        
(  38, Elec )  12.000  12.000  12.000  12.000  12.000  12.000  12.000  12.000  12.000  12.000  12.000  12.000  12.000  12.000
(  39, Elec )  12.000  12.000  12.000  12.000  12.000  12.000  12.000  12.000  12.000  12.000  12.000  12.000  12.000  12.000
(  40, Elec )  12.000  12.000  12.000  12.000  12.000  12.000  12.000  12.000  12.000  12.000  12.000  12.000  12.000  12.000
(  41, Elec )  12.000  12.000  12.000  12.000  12.000  12.000  12.000  12.000  12.000  12.000  12.000  12.000  12.000  12.000
(  42, Elec )  12.000  12.000  12.000  12.000  12.000  12.000  12.000  12.000          12.000  12.000  12.000  12.000  12.000
(  43, Elec )  12.000  12.000  12.000  12.000  12.000  12.000  12.000  12.000  12.000  12.000  12.000  12.000  12.000  12.000
(  44, Elec )  12.000  12.000  12.000  12.000  12.000  12.000  12.000          12.000  12.000  12.000          12.000  12.000
(  45, Elec )  12.000  12.000  12.000  12.000  12.000  12.000  12.000  12.000  12.000  12.000  12.000  12.000  12.000  12.000
(  46, Elec )  12.000  12.000  12.000  12.000  12.000  12.000  12.000  12.000  12.000  12.000  12.000  12.000  12.000  12.000
(  47, Elec )          12.000  12.000          12.000  12.000  12.000  12.000  12.000  12.000  12.000  12.000  12.000  12.000
(  48, Elec )  12.000  12.000  12.000  12.000  12.000  12.000  12.000  12.000  12.000  12.000  12.000  12.000  12.000  12.000
(  49, Elec )  12.000  12.000  12.000  12.000  12.000  12.000  12.000  12.000  12.000  12.000  12.000  12.000  12.000  12.000
(  50, Elec )  12.000  12.000  12.000  12.000  12.000  12.000  12.000  12.000  12.000  12.000  12.000  12.000  12.000  12.000
(  51, Elec )  12.000  12.000  12.000  12.000  12.000  12.000  12.000          12.000  12.000  12.000          12.000  12.000
(  52, Elec )  12.000  12.000                  12.000  12.000  12.000  12.000  12.000  12.000  12.000  12.000  12.000  12.000
(  53, Elec )  12.000  12.000  12.000  12.000  12.000  12.000  12.000  12.000  12.000  12.000  12.000  12.000  12.000  12.000
(  54, Elec )  12.000  12.000  12.000  12.000  12.000  12.000  12.000  12.000  12.000  12.000  12.000  12.000  12.000  12.000
(  55, Elec )  12.000          12.000  12.000  12.000  12.000  12.000  12.000  12.000  12.000  12.000  12.000  12.000        
(  56, Elec )  12.000  12.000  12.000  12.000  12.000  12.000  12.000  12.000  12.000  12.000  12.000  12.000  12.000  12.000
(  57, Elec )  12.000  12.000  12.000  12.000  12.000                  12.000  12.000  12.000  12.000  12.000  12.000        
(  58, Elec )  12.000  12.000  12.000  12.000  12.000  12.000  12.000  12.000  12.000  12.000  12.000  12.000  12.000  12.000
(  59, Elec )  12.000  12.000  12.000  12.000  12.000  12.000  12.000  12.000  12.000  12.000  12.000  12.000  12.000  12.000
(  60, Elec )  12.000  12.000  12.000  12.000  12.000  12.000  12.000  12.000  12.000  12.000  12.000  12.000          12.000
(  61, Elec )  12.000  12.000  12.000  12.000  12.000  12.000  12.000  12.000  12.000  12.000  12.000  12.000  12.000  12.000
(  62, Elec )  12.000  12.000  12.000  12.000  12.000  12.000  12.000  12.000  12.000  12.000          12.000  12.000  12.000
(  63, Elec )  12.000  12.000  12.000  12.000  12.000  12.000  12.000  12.000  12.000  12.000  12.000  12.000  12.000  12.000
(  64, Elec )  12.000  12.000  12.000  12.000  12.000  12.000  12.000  12.000          12.000  12.000  12.000  12.000  12.000
(  65, Elec )  12.000  12.000  12.000  12.000  12.000  12.000  12.000  12.000  12.000  12.000  12.000  12.000  12.000  12.000
(  66, Elec )  12.000  12.000  12.000  12.000  12.000  12.000          12.000  12.000  12.000  12.000  12.000  12.000  12.000
(  67, Elec )  12.000  12.000  12.000  12.000  12.000  12.000  12.000  12.000  12.000  12.000  12.000  12.000  12.000  12.000
(  68, Elec )  12.000  12.000  12.000  12.000  12.000  12.000  12.000  12.000          12.000  12.000  12.000  12.000  12.000
(  69, Elec )  12.000  12.000  12.000  12.000  12.000  12.000  12.000  12.000  12.000  12.000  12.000          12.000  12.000
(  70, Elec )  12.000  12.000  12.000  12.000  12.000  12.000  12.000  12.000  12.000  12.000  12.000  12.000  12.000        
(  71, Elec )  12.000  12.000  12.000  12.000  12.000  12.000  12.000  12.000          12.000  12.000  12.000  12.000  12.000
(  72, Elec )  12.000  12.000  12.000  12.000  12.000  12.000  12.000  12.000  12.000  12.000  12.000  12.000  12.000  12.000
(  73, Elec )  12.000  12.000  12.000  12.000  12.000  12.000  12.000  12.000  12.000  12.000  12.000  12.000  12.000  12.000
(  74, Elec )  12.000  12.000  12.000  12.000  12.000  12.000  12.000  12.000  12.000  12.000  12.000  12.000  12.000  12.000
(  75, Elec )  12.000  12.000  12.000  12.000  12.000  12.000  12.000  12.000          12.000  12.000  12.000          12.000
(  76, Elec )  12.000  12.000  12.000  12.000  12.000  12.000  12.000  12.000  12.000  12.000  12.000  12.000  12.000  12.000
(  77, Elec )  12.000          12.000  12.000  12.000  12.000  12.000  12.000  12.000  12.000  12.000  12.000  12.000  12.000
(  78, Elec )  12.000  12.000  12.000  12.000  12.000  12.000  12.000  12.000  12.000  12.000  12.000  12.000  12.000  12.000
(  79, Elec )  12.000  12.000  12.000  12.000  12.000  12.000  12.000  12.000  12.000  12.000  12.000  12.000  12.000  12.000
(  80, Elec )  12.000  12.000  12.000          12.000  12.000  12.000  12.000  12.000  12.000  12.000  12.000  12.000  12.000
(  81, Elec )  12.000  12.000  12.000  12.000  12.000  12.000  12.000  12.000  12.000  12.000  12.000  12.000  12.000  12.000
(  82, Elec )  12.000  12.000  12.000  12.000  12.000  12.000  12.000  12.000  12.000  12.000  12.000  12.000  12.000  12.000
(  83, Elec )  12.000  12.000  12.000  12.000  12.000  12.000  12.000  12.000  12.000  12.000  12.000  12.000  12.000  12.000
(  84, Elec )  12.000  12.000  12.000  12.000  12.000  12.000          12.000          12.000  12.000  12.000  12.000  12.000
(  85, Elec )  12.000          12.000  12.000  12.000  12.000  12.000  12.000  12.000  12.000  12.000  12.000  12.000  12.000
(  86, Elec )  12.000  12.000  12.000          12.000  12.000  12.000  12.000  12.000  12.000          12.000          12.000
(  87, Elec )  12.000  12.000  12.000  12.000  12.000  12.000  12.000  12.000  12.000  12.000  12.000  12.000  12.000  12.000
(  88, Elec )  12.000  12.000  12.000  12.000  12.000  12.000  12.000  12.000  12.000  12.000  12.000  12.000  12.000  12.000
(  89, Elec )  12.000  12.000          12.000  12.000  12.000  12.000  12.000  12.000  12.000  12.000  12.000  12.000  12.000
(  90, Elec )  12.000  12.000  12.000  12.000  12.000  12.000  12.000  12.000  12.000  12.000  12.000  12.000  12.000  12.000
(  91, Elec )  12.000  12.000  12.000  12.000  12.000  12.000  12.000  12.000  12.000  12.000  12.000  12.000  12.000  12.000
(  92, Elec )  12.000  12.000  12.000  12.000  12.000  12.000  12.000  12.000  12.000  12.000  12.000  12.000  12.000  12.000
(  93, Elec )  12.000  12.000  12.000  12.000  12.000  12.000  12.000  12.000  12.000  12.000  12.000  12.000  12.000  12.000
(  94, Elec )  12.000  12.000  12.000  12.000  12.000  12.000  12.000  12.000  12.000  12.000  12.000  12.000  12.000  12.000
(  95, Elec )  12.000  12.000  12.000  12.000  12.000  12.000  12.000  12.000  12.000  12.000          12.000  12.000        
(  96, Elec )  12.000  12.000          12.000          12.000          12.000  12.000  12.000  12.000  12.000  12.000  12.000
(  97, Elec )  12.000  12.000          12.000  12.000  12.000  12.000  12.000  12.000  12.000  12.000  12.000  12.000  12.000
(  98, Elec )  12.000  12.000  12.000  12.000  12.000  12.000  12.000  12.000  12.000  12.000          12.000  12.000  12.000
(  99, Elec )  12.000  12.000  12.000  12.000  12.000  12.000  12.000  12.000  12.000  12.000  12.000  12.000  12.000  12.000
( 100, Elec )  12.000  12.000  12.000  12.000  12.000  12.000  12.000  12.000  12.000  12.000          12.000  12.000  12.000
( 101, Elec )  11.836  11.836  11.836  11.836  11.836  11.836  11.836  11.836  11.836          11.836  11.836  11.836  11.836
( 102, Elec )  11.836  11.836  11.836  11.836  11.836  11.836  11.836  11.836  11.836  11.836  11.836  11.836  11.836  11.836
( 103, Elec )  11.836  11.836  11.836  11.836  11.836  11.836  11.836  11.836  11.836  11.836  11.836  11.836  11.836  11.836
( 104, Elec )  11.836  11.836  11.836  11.836  11.836          11.836  11.836  11.836  11.836          11.836  11.836  11.836
( 105, Elec )  12.000  12.000  12.000  12.000  12.000          12.000  12.000  12.000  12.000  12.000  12.000  12.000  12.000
( 106, Elec )  12.000  12.000  12.000  12.000  12.000  12.000  12.000  12.000          12.000          12.000  12.000  12.000
( 107, Elec )  12.000  12.000  12.000  12.000  12.000  12.000  12.000  12.000  12.000  12.000  12.000  12.000  12.000  12.000
( 108, Elec )  12.000  12.000  12.000  12.000  12.000  12.000  12.000  12.000  12.000  12.000  12.000                  12.000
( 109, Elec )  12.000  12.000  12.000  12.000  12.000  12.000  12.000  12.000  12.000  12.000  12.000  12.000  12.000  12.000
( 110, Elec )  12.000  12.000  12.000  12.000  12.000  12.000  12.000  12.000  12.000  12.000  12.000  12.000  12.000  12.000
( 111, Elec )  12.000  12.000  12.000  12.000  12.000  12.000  12.000  12.000  12.000  12.000  12.000  12.000  12.000        
( 112, Elec )  12.000  12.000  12.000  12.000  12.000  12.000  12.000  12.000  12.000  12.000  12.000  12.000  12.000  12.000
( 113, Elec )  12.000  12.000  12.000  12.000  12.000  12.000  12.000  12.000  12.000  12.000  12.000  12.000  12.000  12.000
( 114, Elec )  12.000  12.000  12.000  12.000  12.000  12.000  12.000  12.000  12.000  12.000  12.000  12.000  12.000  12.000
( 115, Elec )  12.000  12.000  12.000  12.000  12.000  12.000  12.000  12.000  12.000          12.000  12.000  12.000  12.000
( 116, Elec )  12.000  12.000  12.000  12.000  12.000  12.000  12.000  12.000  12.000  12.000  12.000  12.000  12.000  12.000
( 117, Elec )  12.000  12.000  12.000  12.000  12.000  12.000  12.000  12.000  12.000  12.000  12.000  12.000  12.000        
( 118, Elec )  12.000  12.000          12.000  12.000  12.000  12.000  12.000  12.000  12.000  12.000  12.000  12.000  12.000
( 119, Elec )  12.000  12.000  12.000  12.000  12.000  12.000  12.000  12.000  12.000  12.000  12.000  12.000  12.000        
( 120, Elec )  12.000  12.000  12.000  12.000  12.000  12.000  12.000  12.000  12.000  12.000  12.000  12.000  12.000  12.000
( 121, Elec )  12.000  12.000  12.000  12.000  12.000  12.000  12.000  12.000  12.000  12.000  12.000  12.000  12.000        
( 122, Elec )  12.000  12.000  12.000  12.000  12.000  12.000  12.000  12.000  12.000  12.000  12.000  12.000  12.000  12.000
( 123, Elec )  12.000  12.000  12.000  12.000          12.000  12.000  12.000  12.000  12.000          12.000  12.000  12.000
( 124, Elec )  12.000  12.000  12.000  12.000  12.000  12.000  12.000  12.000  12.000  12.000  12.000  12.000  12.000  12.000
( 125, Elec )  12.000  12.000  12.000  12.000  12.000  12.000  12.000  12.000  12.000  12.000  12.000  12.000  12.000  12.000
( 126, Elec )  12.000  12.000  12.000  12.000  12.000  12.000  12.000  12.000  12.000          12.000  12.000  12.000        
( 127, Elec )  12.000  12.000  12.000  12.000  12.000  12.000  12.000  12.000  12.000  12.000  12.000  12.000  12.000  12.000
( 128, Elec )          12.000  12.000  12.000          12.000  12.000  12.000  12.000  12.000  12.000  12.000  12.000  12.000
( 129, Elec )  12.000          12.000  12.000  12.000  12.000  12.000  12.000  12.000  12.000  12.000                  12.000
( 130, Elec )  12.000  12.000  12.000  12.000  12.000  12.000  12.000  12.000  12.000  12.000  12.000  12.000  12.000  12.000
( 131, Elec )  12.000  12.000  12.000  12.000  12.000  12.000  12.000  12.000  12.000  12.000  12.000  12.000  12.000  12.000
( 132, Elec )  12.000  12.000  12.000  12.000  12.000  12.000  12.000  12.000  12.000  12.000  12.000  12.000  12.000  12.000
( 133, Elec )  12.000  12.000  12.000  12.000  12.000          12.000  12.000  12.000  12.000  12.000  12.000  12.000  12.000
( 134, Elec )  12.000  12.000  12.000  12.000  12.000  12.000  12.000  12.000  12.000  12.000  12.000  12.000  12.000  12.000
( 135, Elec )  12.000  12.000  12.000  12.000  12.000  12.000          12.000  12.000  12.000  12.000  12.000  12.000        
( 136, Elec )  12.000  12.000  12.000  12.000  12.000  12.000  12.000  12.000  12.000  12.000  12.000  12.000  12.000  12.000
( 137, Elec )  12.000  12.000  12.000  12.000  12.000          12.000  12.000  12.000  12.000  12.000  12.000  12.000  12.000
( 138, Elec )  12.000  12.000  12.000          12.000  12.000  12.000  12.000  12.000  12.000  12.000  12.000  12.000  12.000
( 139, Elec )  12.000  12.000  12.000  12.000  12.000  12.000  12.000  12.000  12.000  12.000  12.000          12.000  12.000
( 140, Elec )  12.000  12.000  12.000  12.000  12.000  12.000  12.000  12.000  12.000  12.000  12.000  12.000  12.000  12.000
( 141, Elec )  12.000  12.000  12.000  12.000  12.000  12.000  12.000  12.000  12.000  12.000  12.000  12.000  12.000  12.000
( 142, Elec )  12.000  12.000  12.000  12.000  12.000  12.000  12.000  12.000  12.000  12.000  12.000  12.000  12.000  12.000
( 143, Elec )  12.000          12.000  12.000  12.000  12.000  12.000  12.000  12.000  12.000  12.000  12.000  12.000  12.000
( 144, Elec )  12.000  12.000  12.000  12.000  12.000  12.000  12.000  12.000  12.000  12.000  12.000  12.000  12.000  12.000
( 145, Elec )  12.000  12.000  12.000  12.000  12.000  12.000  12.000          12.000  12.000  12.000  12.000  12.000  12.000
( 146, Elec )  12.000  12.000  12.000  12.000  12.000  12.000  12.000  12.000  12.000  12.000  12.000  12.000  12.000  12.000
( 147, Elec )  12.000  12.000  12.000  12.000  12.000  12.000  12.000  12.000  12.000  12.000  12.000  12.000  12.000  12.000
( 148, Elec )  12.000          12.000  12.000  12.000  12.000  12.000  12.000  12.000  12.000  12.000  12.000  12.000  12.000
( 149, Elec )  11.973  11.973  11.973  11.973  11.973  11.973  11.973  11.973  11.973  11.973  11.973  11.973  11.973  11.973
( 150, Elec )  11.973  11.973  11.973  11.973  11.973  11.973  11.973  11.973  11.973  11.973  11.973  11.973  11.973  11.973
( 151, Elec )  11.973  11.973  11.973  11.973  11.973  11.973  11.973  11.973          11.973  11.973  11.973          11.973
( 152, Elec )  11.973  11.973  11.973  11.973  11.973  11.973  11.973  11.973  11.973  11.973  11.973  11.973  11.973  11.973
( 153, Elec )  12.000          12.000  12.000  12.000  12.000  12.000  12.000  12.000  12.000  12.000  12.000  12.000  12.000
( 154, Elec )  12.000  12.000  12.000  12.000          12.000  12.000  12.000  12.000  12.000  12.000  12.000  12.000  12.000
( 155, Elec )  12.000  12.000          12.000  12.000  12.000  12.000  12.000  12.000  12.000  12.000  12.000  12.000  12.000
( 156, Elec )  12.000  12.000  12.000  12.000  12.000  12.000  12.000  12.000  12.000  12.000  12.000  12.000  12.000  12.000
( 157, Elec )  11.960  11.960          11.960          11.960  11.960  11.960  11.960  11.960  11.960  11.960  11.960        
( 158, Elec )  11.960  11.960  11.960  11.960          11.960  11.960  11.960  11.960  11.960  11.960  11.960  11.960        
( 159, Elec )  11.960          11.960  11.960  11.960  11.960  11.960  11.960  11.960  11.960  11.960  11.960  11.960  11.960
( 160, Elec )  11.960  11.960          11.960  11.960  11.960  11.960  11.960  11.960  11.960  11.960  11.960  11.960  11.960
( 161, Elec )  12.000  12.000  12.000  12.000  12.000  12.000  12.000  12.000  12.000  12.000  12.000  12.000  12.000  12.000
( 162, Elec )  12.000          12.000  12.000          12.000  12.000  12.000  12.000  12.000          12.000  12.000  12.000
( 163, Elec )  12.000  12.000  12.000  12.000  12.000  12.000  12.000  12.000  12.000          12.000  12.000  12.000  12.000
( 164, Elec )  12.000  12.000  12.000  12.000  12.000  12.000  12.000  12.000  12.000  12.000  12.000  12.000  12.000        
( 165, Elec )  12.000  12.000  12.000  12.000  12.000  12.000          12.000  12.000  12.000  12.000  12.000  12.000  12.000
( 166, Elec )  12.000  12.000          12.000  12.000  12.000  12.000  12.000  12.000  12.000  12.000  12.000  12.000  12.000
( 167, Elec )  12.000  12.000  12.000  12.000  12.000  12.000  12.000  12.000  12.000  12.000          12.000  12.000  12.000
( 168, Elec )  12.000  12.000  12.000  12.000  12.000  12.000  12.000                  12.000  12.000  12.000  12.000  12.000

            +      15      16      17      18      19      20
            !  ------  ------  ------  ------  ------  ------
(   1, Elec )  11.987  11.987  11.987  11.987  11.987  11.987
(   2, Elec )  11.987  11.987  11.987  11.987  11.987  11.987
(   3, Elec )  11.987  11.987  11.987  11.987  11.987  11.987
(   4, Elec )  11.987          11.987  11.987  11.987  11.987
(   5, Elec )  11.973  11.973  11.973  11.973  11.973  11.973
(   6, Elec )  11.973  11.973  11.973  11.973  11.973  11.973
(   7, Elec )  11.973  11.973  11.973  11.973  11.973  11.973
(   8, Elec )  11.973  11.973  11.973  11.973  11.973  11.973
(   9, Elec )  12.000  12.000  12.000  12.000  12.000  12.000
(  10, Elec )  12.000  12.000  12.000  12.000  12.000  12.000
(  11, Elec )  12.000  12.000  12.000  12.000  12.000  12.000
(  12, Elec )  12.000  12.000          12.000  12.000  12.000
(  13, Elec )   8.209   8.209   8.209   8.209   8.209   8.209
(  14, Elec )   8.209   8.209   8.209   8.209   8.209   8.209
(  15, Elec )   8.209   8.209   8.209   8.209   8.209   8.209
(  16, Elec )   8.209   8.209   8.209   8.209   8.209        
(  17, Elec )  12.000  12.000  12.000  12.000  12.000  12.000
(  18, Elec )  12.000  12.000  12.000  12.000  12.000  12.000
(  19, Elec )  12.000  12.000  12.000  12.000  12.000  12.000
(  20, Elec )  12.000  12.000  12.000          12.000  12.000
(  21, Elec )  12.000  12.000  12.000  12.000  12.000  12.000
(  22, Elec )  12.000  12.000  12.000  12.000  12.000  12.000
(  23, Elec )  12.000  12.000  12.000  12.000  12.000  12.000
(  24, Elec )  12.000  12.000  12.000  12.000  12.000  12.000
(  25, Elec )  12.000  12.000  12.000  12.000  12.000  12.000
(  26, Elec )  12.000  12.000  12.000  12.000          12.000
(  27, Elec )  12.000  12.000  12.000  12.000  12.000  12.000
(  28, Elec )          12.000  12.000  12.000  12.000  12.000
(  29, Elec )  12.000  12.000  12.000  12.000  12.000  12.000
(  30, Elec )  12.000  12.000  12.000  12.000  12.000  12.000
(  31, Elec )  12.000  12.000  12.000  12.000  12.000  12.000
(  32, Elec )  12.000  12.000  12.000  12.000  12.000        
(  33, Elec )  11.061  11.061  11.061  11.061  11.061  11.061
(  34, Elec )  11.061  11.061  11.061  11.061  11.061  11.061
(  35, Elec )  11.061  11.061  11.061  11.061  11.061  11.061
(  36, Elec )  11.061  11.061  11.061  11.061  11.061  11.061
(  37, Elec )  12.000  12.000  12.000  12.000  12.000  12.000
(  38, Elec )  12.000  12.000  12.000  12.000  12.000  12.000
(  39, Elec )  12.000  12.000  12.000          12.000  12.000
(  40, Elec )  12.000  12.000  12.000  12.000  12.000  12.000
(  41, Elec )  12.000  12.000  12.000  12.000  12.000  12.000
(  42, Elec )  12.000  12.000  12.000  12.000  12.000  12.000
(  43, Elec )  12.000  12.000  12.000  12.000          12.000
(  44, Elec )  12.000  12.000  12.000  12.000  12.000  12.000
(  45, Elec )          12.000  12.000  12.000  12.000  12.000
(  46, Elec )  12.000  12.000  12.000  12.000  12.000  12.000
(  47, Elec )  12.000  12.000  12.000  12.000  12.000  12.000
(  48, Elec )  12.000  12.000  12.000  12.000  12.000  12.000
(  49, Elec )  12.000  12.000          12.000  12.000  12.000
(  50, Elec )  12.000          12.000  12.000  12.000  12.000
(  51, Elec )  12.000  12.000  12.000  12.000  12.000  12.000
(  52, Elec )  12.000  12.000          12.000  12.000  12.000
(  53, Elec )  12.000  12.000  12.000  12.000  12.000  12.000
(  54, Elec )  12.000  12.000  12.000          12.000  12.000
(  55, Elec )  12.000  12.000  12.000  12.000  12.000  12.000
(  56, Elec )  12.000  12.000  12.000  12.000          12.000
(  57, Elec )  12.000  12.000  12.000  12.000  12.000  12.000
(  58, Elec )  12.000  12.000  12.000  12.000  12.000  12.000
(  59, Elec )  12.000  12.000  12.000  12.000  12.000  12.000
(  60, Elec )  12.000  12.000  12.000  12.000  12.000  12.000
(  61, Elec )  12.000          12.000  12.000  12.000  12.000
(  62, Elec )  12.000  12.000  12.000  12.000  12.000        
(  63, Elec )  12.000  12.000  12.000  12.000  12.000        
(  64, Elec )          12.000  12.000  12.000  12.000  12.000
(  65, Elec )  12.000  12.000  12.000  12.000  12.000  12.000
(  66, Elec )  12.000  12.000  12.000  12.000  12.000  12.000
(  67, Elec )  12.000  12.000  12.000  12.000  12.000  12.000
(  68, Elec )  12.000  12.000  12.000  12.000  12.000  12.000
(  69, Elec )  12.000          12.000  12.000  12.000  12.000
(  70, Elec )  12.000  12.000  12.000  12.000  12.000  12.000
(  71, Elec )          12.000  12.000  12.000  12.000  12.000
(  72, Elec )  12.000  12.000  12.000  12.000  12.000  12.000
(  73, Elec )  12.000  12.000  12.000  12.000  12.000  12.000
(  74, Elec )  12.000  12.000  12.000  12.000          12.000
(  75, Elec )  12.000  12.000  12.000  12.000  12.000  12.000
(  76, Elec )  12.000  12.000  12.000  12.000  12.000  12.000
(  77, Elec )  12.000  12.000  12.000  12.000  12.000  12.000
(  78, Elec )  12.000  12.000  12.000  12.000  12.000  12.000
(  79, Elec )          12.000  12.000  12.000  12.000  12.000
(  80, Elec )          12.000  12.000  12.000  12.000  12.000
(  81, Elec )  12.000  12.000  12.000  12.000  12.000  12.000
(  82, Elec )  12.000  12.000  12.000  12.000  12.000  12.000
(  83, Elec )  12.000  12.000  12.000  12.000  12.000  12.000
(  84, Elec )  12.000  12.000  12.000  12.000  12.000  12.000
(  85, Elec )  12.000  12.000  12.000  12.000  12.000  12.000
(  86, Elec )  12.000          12.000  12.000  12.000  12.000
(  87, Elec )  12.000  12.000  12.000          12.000  12.000
(  88, Elec )  12.000  12.000  12.000  12.000  12.000  12.000
(  89, Elec )  12.000  12.000  12.000  12.000  12.000  12.000
(  90, Elec )  12.000  12.000  12.000  12.000  12.000  12.000
(  91, Elec )  12.000  12.000  12.000  12.000  12.000  12.000
(  92, Elec )  12.000  12.000  12.000  12.000  12.000  12.000
(  93, Elec )  12.000  12.000  12.000  12.000  12.000  12.000
(  94, Elec )  12.000  12.000  12.000  12.000  12.000  12.000
(  95, Elec )  12.000  12.000  12.000  12.000  12.000  12.000
(  96, Elec )  12.000  12.000  12.000  12.000  12.000  12.000
(  97, Elec )  12.000  12.000          12.000  12.000  12.000
(  98, Elec )  12.000  12.000                  12.000  12.000
(  99, Elec )  12.000  12.000  12.000  12.000  12.000  12.000
( 100, Elec )  12.000  12.000  12.000  12.000  12.000  12.000
( 101, Elec )  11.836  11.836  11.836  11.836  11.836  11.836
( 102, Elec )  11.836  11.836  11.836  11.836  11.836  11.836
( 103, Elec )  11.836  11.836  11.836  11.836  11.836  11.836
( 104, Elec )  11.836  11.836  11.836  11.836  11.836  11.836
( 105, Elec )  12.000  12.000  12.000  12.000  12.000  12.000
( 106, Elec )  12.000  12.000  12.000  12.000  12.000  12.000
( 107, Elec )  12.000  12.000  12.000  12.000  12.000  12.000
( 108, Elec )  12.000  12.000  12.000  12.000  12.000        
( 109, Elec )  12.000  12.000  12.000  12.000  12.000  12.000
( 110, Elec )  12.000  12.000          12.000  12.000  12.000
( 111, Elec )  12.000  12.000  12.000  12.000  12.000  12.000
( 112, Elec )  12.000  12.000  12.000  12.000  12.000  12.000
( 113, Elec )  12.000  12.000  12.000  12.000  12.000  12.000
( 114, Elec )  12.000  12.000  12.000  12.000  12.000  12.000
( 115, Elec )  12.000  12.000  12.000  12.000  12.000  12.000
( 116, Elec )  12.000  12.000  12.000  12.000  12.000  12.000
( 117, Elec )                  12.000  12.000  12.000  12.000
( 118, Elec )  12.000  12.000  12.000  12.000  12.000  12.000
( 119, Elec )  12.000  12.000  12.000  12.000  12.000  12.000
( 120, Elec )  12.000  12.000  12.000  12.000  12.000  12.000
( 121, Elec )  12.000  12.000  12.000  12.000  12.000  12.000
( 122, Elec )  12.000  12.000  12.000  12.000  12.000  12.000
( 123, Elec )  12.000          12.000  12.000  12.000  12.000
( 124, Elec )  12.000  12.000  12.000          12.000  12.000
( 125, Elec )  12.000  12.000  12.000  12.000          12.000
( 126, Elec )  12.000  12.000  12.000  12.000  12.000  12.000
( 127, Elec )  12.000          12.000  12.000  12.000  12.000
( 128, Elec )  12.000  12.000  12.000  12.000  12.000  12.000
( 129, Elec )  12.000  12.000  12.000  12.000  12.000        
( 130, Elec )  12.000  12.000  12.000  12.000  12.000  12.000
( 131, Elec )  12.000  12.000  12.000  12.000  12.000  12.000
( 132, Elec )  12.000  12.000  12.000  12.000  12.000  12.000
( 133, Elec )  12.000  12.000  12.000  12.000  12.000  12.000
( 134, Elec )  12.000  12.000          12.000  12.000  12.000
( 135, Elec )  12.000  12.000  12.000  12.000  12.000  12.000
( 136, Elec )  12.000  12.000  12.000  12.000  12.000  12.000
( 137, Elec )  12.000  12.000  12.000  12.000  12.000  12.000
( 138, Elec )  12.000  12.000  12.000  12.000  12.000  12.000
( 139, Elec )  12.000  12.000  12.000  12.000          12.000
( 140, Elec )  12.000  12.000  12.000  12.000  12.000  12.000
( 141, Elec )  12.000  12.000          12.000  12.000        
( 142, Elec )  12.000  12.000  12.000  12.000          12.000
( 143, Elec )  12.000  12.000  12.000  12.000  12.000  12.000
( 144, Elec )  12.000          12.000  12.000  12.000  12.000
( 145, Elec )  12.000          12.000  12.000  12.000  12.000
( 146, Elec )  12.000  12.000  12.000  12.000  12.000  12.000
( 147, Elec )  12.000  12.000  12.000  12.000  12.000  12.000
( 148, Elec )  12.000  12.000  12.000  12.000  12.000  12.000
( 149, Elec )  11.973  11.973  11.973  11.973  11.973  11.973
( 150, Elec )  11.973  11.973  11.973  11.973  11.973        
( 151, Elec )  11.973  11.973  11.973  11.973  11.973  11.973
( 152, Elec )  11.973  11.973  11.973  11.973  11.973  11.973
( 153, Elec )  12.000  12.000  12.000  12.000  12.000  12.000
( 154, Elec )  12.000  12.000  12.000  12.000  12.000  12.000
( 155, Elec )  12.000  12.000  12.000  12.000  12.000  12.000
( 156, Elec )  12.000  12.000  12.000  12.000  12.000  12.000
( 157, Elec )  11.960  11.960  11.960  11.960  11.960  11.960
( 158, Elec )  11.960  11.960  11.960  11.960  11.960  11.960
( 159, Elec )  11.960  11.960  11.960  11.960  11.960  11.960
( 160, Elec )  11.960  11.960  11.960  11.960  11.960  11.960
( 161, Elec )  12.000  12.000  12.000  12.000  12.000  12.000
( 162, Elec )  12.000  12.000  12.000  12.000  12.000  12.000
( 163, Elec )  12.000  12.000          12.000  12.000  12.000
( 164, Elec )  12.000  12.000  12.000  12.000  12.000  12.000
( 165, Elec )  12.000  12.000  12.000  12.000  12.000  12.000
( 166, Elec )  12.000  12.000  12.000  12.000  12.000  12.000
( 167, Elec )  12.000  12.000  12.000  12.000  12.000  12.000
( 168, Elec )          12.000  12.000  12.000  12.000  12.000
    ;


