
    P_TRLminus_storage(t,x) := data table 
        Elec
  !  -------
  1  149.833
  2  149.833
  3  149.833
  4  149.833
  5  149.666
  6  149.666
  7  149.666
  8  149.666
  9  150.000
 10  150.000
 11  150.000
 12  150.000
 13  102.608
 14  102.608
 15  102.608
 16  102.608
 17  150.000
 18  150.000
 19  150.000
 20  150.000
 21  150.000
 22  150.000
 23  150.000
 24  150.000
 25  150.000
 26  150.000
 27  150.000
 28  150.000
 29  150.000
 30  150.000
 31  150.000
 32  150.000
 33  138.263
 34  138.263
 35  138.263
 36  138.263
 37  150.000
 38  150.000
 39  150.000
 40  150.000
 41  150.000
 42  150.000
 43  150.000
 44  150.000
 45  150.000
 46  150.000
 47  150.000
 48  150.000
 49  150.000
 50  150.000
 51  150.000
 52  150.000
 53  150.000
 54  150.000
 55  150.000
 56  150.000
 57  150.000
 58  150.000
 59  150.000
 60  150.000
 61  150.000
 62  150.000
 63  150.000
 64  150.000
 65  150.000
 66  150.000
 67  150.000
 68  150.000
 69  150.000
 70  150.000
 71  150.000
 72  150.000
 73  150.000
 74  150.000
 75  150.000
 76  150.000
 77  150.000
 78  150.000
 79  150.000
 80  150.000
 81  150.000
 82  150.000
 83  150.000
 84  150.000
 85  150.000
 86  150.000
 87  150.000
 88  150.000
 89  150.000
 90  150.000
 91  150.000
 92  150.000
 93  150.000
 94  150.000
 95  150.000
 96  150.000
 97  150.000
 98  150.000
 99  150.000
100  150.000
101  147.955
102  147.955
103  147.955
104  147.955
105  150.000
106  150.000
107  150.000
108  150.000
109  150.000
110  150.000
111  150.000
112  150.000
113  150.000
114  150.000
115  150.000
116  150.000
117  150.000
118  150.000
119  150.000
120  150.000
121  150.000
122  150.000
123  150.000
124  150.000
125  150.000
126  150.000
127  150.000
128  150.000
129  150.000
130  150.000
131  150.000
132  150.000
133  150.000
134  150.000
135  150.000
136  150.000
137  150.000
138  150.000
139  150.000
140  150.000
141  150.000
142  150.000
143  150.000
144  150.000
145  150.000
146  150.000
147  150.000
148  150.000
149  149.666
150  149.666
151  149.666
152  149.666
153  150.000
154  150.000
155  150.000
156  150.000
157  149.498
158  149.498
159  149.498
160  149.498
161  150.000
162  150.000
163  150.000
164  150.000
165  150.000
166  150.000
167  150.000
168  150.000
    ;


