
    Storage_SOC(t,x,z) := data table 
                      1         2         3         4         5         6         7         8         9        10        11
            !  --------  --------  --------  --------  --------  --------  --------  --------  --------  --------  --------
(   1, Elec )   150.000   150.000   150.000   150.000   150.000   150.000   150.000   150.000   150.000   150.000   150.000
(   1, Heat )   125.659                                                                         231.215                    
(   2, Elec )   150.000   150.000   150.000   150.000   150.000   150.000   150.000   150.000   150.000   150.000   150.000
(   2, Heat )   341.112   216.709   216.709   216.709   216.709   216.709   216.709   216.709   445.612   216.709   450.000
(   3, Elec )   150.000   150.000   150.000   150.000   150.000   150.000   150.000   150.000   150.000   150.000   150.000
(   3, Heat )   565.755   442.597   442.597   442.597   442.597   442.597   442.597   442.597   669.210   442.597   673.555
(   4, Elec )   150.000   150.000   150.000   150.000   150.000   150.000   150.000   150.000   150.000   150.000   150.000
(   4, Heat )   560.098   438.171   438.171   438.171   438.171   438.171   438.171   438.171   662.518   438.171   666.819
(   5, Elec )   150.151   150.151   150.151   150.151   150.151   150.151   150.151   150.151   150.151   150.151   150.151
(   5, Heat )   554.497   433.789   433.789   433.789   433.789   433.789   433.789   433.789   655.893   433.789   660.151
(   6, Elec )   150.301   150.301   150.301   150.301   150.301   150.301   150.301   150.301   150.301   150.301   150.301
(   6, Heat )   548.952   429.451   429.451   429.451   429.451   429.451   429.451   429.451   649.334   429.451   653.549
(   7, Elec )   150.451   150.451   150.451   150.451   150.451   150.451   150.451   150.451   150.451   150.451   150.451
(   7, Heat )   543.462   425.157   425.157   425.157   425.157   425.157   425.157   425.157   642.841   425.157   647.014
(   8, Elec )   150.602   150.602   150.602   150.602   150.602   150.602   150.602   150.602   150.602   150.602   150.602
(   8, Heat )   538.028   422.352   422.352   422.352   422.352   422.352   422.352   422.352   636.412   422.352   640.544
(   9, Elec )   150.451   150.451   150.451   150.451   150.451   150.451   150.451   150.451   150.451   150.451   150.451
(   9, Heat )   114.519                                                                         211.920             216.010
(  10, Elec )   150.300   150.300   150.300   150.300   150.300   150.300   150.300   150.300   150.300   150.300   150.300
(  10, Heat )   211.934   211.934   211.934   211.934   211.934   211.934   211.934   211.934   211.934   211.934   213.850
(  11, Elec )   150.150   150.150   150.150   150.150   150.150   150.150   150.150   150.150   150.150   150.150   150.150
(  11, Heat )                                                                                                         1.896
(  12, Elec )   150.000   150.000   150.000   150.000   150.000   150.000   150.000   150.000   150.000   150.000   150.000
(  12, Heat )                                                                                                         1.877
(  13, Elec )   192.503   192.503   192.503   192.503   190.054   150.000   150.000   192.503   192.503   192.503   192.503
(  13, Heat )                                                                                                         1.859
(  14, Elec )   234.963   234.963   234.963   234.963   232.516   150.000   150.000   234.963   234.963   234.963   234.963
(  14, Heat )                                                                                                         1.840
(  15, Elec )   277.380   277.380   277.380   277.380   274.936   165.737   154.944   277.380   277.380   277.380   277.380
(  15, Heat )                                                                                                         1.822
(  16, Elec )   319.756   319.756   319.756   319.756   317.314   208.224   197.442   319.756   319.756   319.756   319.756
(  16, Heat )                                                                                                       111.938
(  17, Elec )   319.436   319.436   319.436   319.436   316.996   208.016   197.244   319.436   319.436   319.436   319.436
(  17, Heat )   449.268                                                                                             560.819
(  18, Elec )   291.442   319.116   319.116   319.116   316.679   207.808   197.047   319.116   319.116   319.116   319.116
(  18, Heat )                                                                                                       555.211
(  19, Elec )   291.150   318.797   318.797   318.797   316.363   207.600   196.850   318.797   318.797   318.797   318.797
(  19, Heat )                                                                                                       549.659
(  20, Elec )   290.859   318.478   318.478   318.478   316.046   207.392   196.653   318.478   318.478   318.478   318.478
(  20, Heat )   311.130   311.130   311.130   311.130   311.130   311.130   311.130   311.130   311.130   311.130   855.292
(  21, Elec )   290.568   318.160   318.160   318.160   315.730   207.185   196.457   318.160   318.160   318.160   318.160
(  21, Heat )                                                                                                       538.721
(  22, Elec )   290.278   317.842   317.842   317.842   315.415   206.978   196.260   317.842   317.842   317.842   317.842
(  23, Elec )   289.988   317.524   317.524   289.988   315.099   206.771   196.064   317.524   317.524   317.524   317.524
(  23, Heat )   255.037   255.037   255.037   450.000   255.037   255.037   255.037   255.037   255.037   255.037   255.037
(  24, Elec )   289.698   317.206   317.206   289.698   314.784   206.564   195.868   317.206   317.206   317.206   317.206
(  24, Heat )   702.486   702.486   702.486   895.500   702.486   702.486   702.486   702.486   702.486   702.486   702.486
(  25, Elec )   289.408   316.889   316.889   289.408   314.469   206.357   195.672   316.889   316.889   316.889   316.889
(  25, Heat )   911.911   911.911   911.911  1102.995   911.911   911.911  1145.461   911.911   911.911   911.911   911.911
(  26, Elec )   289.119   316.572   316.572   289.119   314.155   206.151   195.476   316.572   316.572   316.572   316.572
(  26, Heat )  1119.242  1119.242  1119.242  1308.415  1352.792  1119.242  1350.457  1119.242  1119.242  1119.242  1119.242
(  27, Elec )   288.829   316.256   316.256   288.829   313.841   205.945   195.281   316.256   316.256   316.256   316.256
(  27, Heat )  1150.675  1150.675  1150.675  1337.956  1381.890  1150.675  1613.128  1150.675  1150.675  1150.675  1150.675
(  28, Elec )   288.541   315.939   315.939   288.541   313.527   205.739   195.086   315.939   315.939   315.939   315.939
(  28, Heat )  1030.630  1030.630  1030.630  1030.630  1030.630  1030.630  1041.441  1030.630  1139.169  1030.630  1030.630
(  29, Elec )   288.252   315.624   315.624   288.252   313.213   205.533   194.891   315.624   315.624   315.624   315.624
(  29, Heat )  1020.324  1020.324  1020.324  1020.324  1020.324  1020.324  1020.324  1020.324  1127.777  1020.324  1020.324
(  30, Elec )   287.964   315.308   315.308   287.964   312.900   205.328   194.696   315.308   315.308   315.308   315.308
(  30, Heat )  1010.121  1010.121  1010.121  1010.121  1010.121  1010.121  1010.121  1010.121  1116.499  1010.121  1010.121
(  31, Elec )   287.676   314.993   314.993   287.676   312.587   205.122   194.501   314.993   314.993   314.993   314.993
(  31, Heat )  1000.020  1000.020  1000.020  1000.020  1000.020  1000.020  1000.020  1000.020  1105.334  1000.020  1000.020
(  32, Elec )   287.388   314.678   314.678   287.388   312.275   204.917   194.306   314.678   314.678   314.678   314.678
(  32, Heat )   990.019   990.019   990.019   990.019   990.019   990.019   990.019   990.019  1094.281   990.019   990.019
(  33, Elec )   297.664   324.926   324.926   297.664   322.526   215.276   204.675   324.926   324.926   324.926   324.926
(  33, Heat )   980.119   980.119   980.119   980.119   980.119   980.119   980.119   980.119  1083.338   980.119   980.119
(  34, Elec )   307.930   335.165   335.165   307.930   332.766   225.624   215.034   335.165   335.165   335.165   335.165
(  34, Heat )   899.355   899.355   899.355   899.355   899.355   899.355   899.355   899.355  1001.541   899.355   899.355
(  35, Elec )   318.185   345.393   345.393   318.185   342.997   235.961   225.382   345.393   345.393   345.393   345.393
(  35, Heat )   890.361   890.361   890.361   890.361   890.361   890.361   890.361   890.361   991.526   890.361   890.361
(  36, Elec )   328.430   355.611   355.611   328.430   353.217   246.289   235.720   355.611   355.611   355.611   355.611
(  36, Heat )   881.458   881.458   881.458   881.458   881.458   881.458   881.458   881.458   981.611   881.458   881.458
(  37, Elec )   328.102   355.255   355.255   328.102   352.864   246.042   235.484   355.255   355.255   355.255   355.255
(  37, Heat )   872.643   872.643   872.643   872.643   872.643   872.643   872.643   872.643   971.795   872.643   872.643
(  38, Elec )   327.773   354.900   354.900   327.773   352.511   245.796   235.249   354.900   354.900   354.900   354.900
(  38, Heat )   863.917   863.917   863.917   863.917   863.917   863.917   863.917   863.917   962.077   863.917   863.917
(  39, Elec )   327.446   354.545   354.545   327.446   352.159   245.550   235.014   354.545   354.545   354.545   354.545
(  39, Heat )   855.277   855.277   855.277   855.277   855.277   855.277   855.277   855.277   952.456   855.277   855.277
(  40, Elec )   327.118   354.190   354.190   327.118   351.806   245.305   234.779   354.190   354.190   354.190   354.190
(  40, Heat )   846.725   846.725   846.725   846.725   846.725   846.725   846.725   846.725   942.931   846.725   846.725
(  41, Elec )   326.791   353.836   353.836   326.791   351.455   245.060   234.544   353.836   353.836   353.836   353.836
(  41, Heat )   838.257   838.257   838.257   838.257   838.257   838.257   838.257   838.257   955.317   838.257   838.257
(  42, Elec )   326.464   353.482   353.482   326.464   351.103   244.814   234.309   353.482   341.211   353.482   353.482
(  42, Heat )   829.875   829.875   829.875   829.875   829.875   829.875   829.875   829.875   829.875   829.875   829.875
(  43, Elec )   326.138   353.129   353.129   326.138   350.752   244.570   234.075   353.129   340.870   353.129   353.129
(  43, Heat )   821.576   821.576   821.576   821.576   821.576   821.576   821.576   821.576   821.576   821.576   821.576
(  44, Elec )   325.812   352.776   352.776   325.812   350.401   244.325   233.841   186.109   340.529   352.776   352.776
(  44, Heat )   257.805   257.805   257.805   257.805   257.805   257.805   257.805   257.805   257.805   257.805   257.805
(  45, Elec )   325.486   352.423   352.423   325.486   350.051   244.081   233.607   185.923   340.188   352.423   352.423
(  45, Heat )   122.671   122.671   122.671   122.671   122.671   122.671   122.671   122.671   122.671   122.671   122.671
(  46, Elec )   325.160   352.070   352.070   325.160   349.701   243.837   233.373   185.737   339.848   352.070   352.070
(  47, Elec )   158.169   351.718   351.718   158.169   349.351   243.593   233.140   185.551   339.508   351.718   351.718
(  47, Heat )   450.000   450.000   450.000   450.000   450.000   450.000   450.000   450.000   450.000   450.000   450.000
(  48, Elec )   158.010   351.367   351.367   158.010   349.002   243.349   232.907   185.366   339.169   351.367   351.367
(  48, Heat )   895.500   895.500   895.500   895.500   895.500   895.500   895.500   895.500   895.500   895.500   895.500
(  49, Elec )   157.852   351.015   351.015   157.852   348.653   243.106   232.674   185.180   338.830   351.015   351.015
(  49, Heat )  1210.341  1210.341  1210.341  1210.341  1210.341  1210.341  1210.341  1210.341  1210.341  1210.341  1210.341
(  50, Elec )   157.695   350.664   350.664   157.695   348.304   242.863   232.441   184.995   338.491   350.664   350.664
(  50, Heat )  1198.237  1198.237  1198.237  1198.237  1198.237  1198.237  1198.237  1178.830  1198.237  1198.237  1198.237
(  51, Elec )   157.537   350.314   350.314   157.537   347.956   242.620   232.209   184.810   338.152   350.314   350.314
(  51, Heat )  1186.255  1186.255  1186.255  1186.255  1186.255  1186.255  1186.255  1252.152  1186.255  1186.255  1186.255
(  52, Elec )   157.379   349.963   349.963   157.379   347.608   242.377   231.977   184.625   337.814   349.963   349.963
(  52, Heat )  1174.393  1174.393  1174.393  1174.393  1174.393  1174.393  1174.393  1239.631  1174.393  1174.393  1174.393
(  53, Elec )   157.222   349.613   349.613   157.222   347.260   242.135   231.745   184.441   337.476   349.613   349.613
(  53, Heat )  1162.649  1162.649  1162.649  1162.649  1162.649  1162.649  1162.649  1227.235  1162.649  1162.649  1162.649
(  54, Elec )   157.065   349.264   349.264   157.065   346.913   241.893   231.513   184.256   337.139   349.264   349.264
(  54, Heat )  1151.022  1151.022  1151.022  1151.022  1151.022  1151.022  1151.022  1214.962  1151.022  1151.022  1151.022
(  55, Elec )   156.908   348.914   348.914   156.908   346.566   241.651   231.282   184.072   336.802   348.914   348.914
(  55, Heat )  1139.512  1139.512  1139.512  1139.512  1139.512  1139.512  1139.512  1202.813  1139.512  1139.512  1139.512
(  56, Elec )   156.751   348.565   348.565   156.751   346.220   241.409   231.050   183.888   336.465   348.565   348.565
(  56, Heat )   572.561   572.561   572.561   572.561   572.561   572.561   572.561   635.229   572.561   572.561   572.561
(  57, Elec )   156.594   348.217   348.217   156.594   345.873   241.168   230.819   183.704   336.129   348.217   348.217
(  57, Heat )   566.836   566.836   566.836   566.836   566.836   566.836   566.836   628.877   566.836   566.836   566.836
(  58, Elec )   156.437   347.869   347.869   156.437   345.527   240.927   230.588   183.520   335.792   347.869   347.869
(  58, Heat )   561.167   561.167   561.167   561.167   561.167   561.167   561.167   622.588   561.167   561.167   561.167
(  59, Elec )   156.281   347.521   347.521   156.281   345.182   240.686   230.358   183.337   335.457   347.521   347.521
(  59, Heat )                                                                          60.806                              
(  60, Elec )   156.125   347.173   347.173   156.125   344.837   240.445   230.127   183.153   335.121   347.173   347.173
(  60, Heat )   218.489   218.489   218.489   218.489   218.489   218.489   218.489   278.688   218.489   218.489   218.489
(  61, Elec )   155.969   346.826   346.826   155.969   344.492   240.205   229.897   182.970   334.786   346.826   346.826
(  61, Heat )   216.304   216.304   216.304   216.304   216.304   216.304   216.304   275.901   216.304   216.304   135.542
(  62, Elec )   155.813   346.479   346.479   155.813   344.147   239.964   229.667   182.787   334.451   346.479   278.974
(  62, Heat )   525.186   525.186   525.186   525.186   525.186   525.186   525.186   584.187   525.186   525.186   584.187
(  63, Elec )   155.657   346.133   346.133   155.657   343.803   239.724   229.438   182.604   334.117   346.133   278.695
(  63, Heat )   519.934   519.934   519.934   519.934   519.934   519.934   519.934   578.345   519.934   519.934   578.345
(  64, Elec )   155.501   345.787   345.787   155.501   343.459   239.485   229.208   182.422   333.783   345.787   278.417
(  64, Heat )   514.735   514.735   514.735   514.735   514.735   514.735   514.735   572.561   514.735   514.735   572.561
(  65, Elec )   155.346   345.441   345.441   155.346   343.116   239.245   228.979   182.239   333.449   345.441   278.138
(  65, Heat )   509.587   509.587   509.587   509.587   509.587   509.587   509.587   566.836   509.587   509.587   566.836
(  66, Elec )   155.190   345.095   345.095   155.190   342.773   239.006   228.750   182.057   333.115   345.095   277.860
(  66, Heat )   561.167   561.167   561.167   561.167   561.167   561.167   561.167   561.167   561.167   561.167   561.167
(  67, Elec )   155.035   344.750   344.750   155.035   342.430   238.767   228.521   181.875   332.782   344.750   277.582
(  68, Elec )   154.880   344.406   344.406   154.880   342.088   238.528   228.293   181.693   165.783   344.406   277.305
(  68, Heat )   248.130   248.130   248.130   248.130   248.130   248.130   248.130   248.130   248.130   248.130   248.130
(  69, Elec )   154.725   344.061   344.061   154.725   341.746   238.290   228.065   181.512   165.617   344.061   277.027
(  70, Elec )   154.571   343.717   343.717   154.571   341.404   238.051   227.836   181.330   165.451   343.717   276.750
(  70, Heat )    75.846    75.846    75.846    75.846    75.846    75.846    75.846    75.846    75.846    75.846    75.846
(  71, Elec )   154.416   343.373   343.373   154.416   341.062   237.813   227.609   181.149   154.416   343.373   276.474
(  71, Heat )   306.770   306.770   306.770   306.770   306.770   306.770   306.770   306.770   525.087   306.770   306.770
(  72, Elec )   154.262   343.030   343.030   154.262   340.721   237.576   227.381   180.968   154.262   343.030   276.197
(  72, Heat )   753.702   753.702   753.702   753.702   753.702   753.702   753.702   753.702   969.837   753.702   753.702
(  73, Elec )   154.107   342.687   342.687   154.107   340.381   237.338   227.154   180.787   154.107   342.687   275.921
(  73, Heat )  1196.165  1196.165  1196.165  1196.165  1196.165  1196.165  1196.165  1196.165  1410.138  1196.165  1196.165
(  74, Elec )   153.953   342.344   342.344   153.953   340.040   237.101   226.926   180.606   153.953   342.344   275.645
(  74, Heat )  1377.842  1377.842  1377.842  1377.842  1377.842  1377.842  1377.842  1377.842  1589.675  1377.842  1377.842
(  75, Elec )   153.799   342.002   342.002   153.799   339.700   236.864   226.700   180.425   153.799   342.002   275.369
(  75, Heat )  1364.063  1364.063  1364.063  1272.808  1364.063  1364.063  1359.374  1364.063  1733.411  1364.063  1272.808
(  76, Elec )   153.645   341.660   341.660   153.645   339.361   236.627   226.473   180.245   153.645   341.660   275.094
(  76, Heat )  1350.423  1350.423  1350.423  1174.274  1350.423  1350.423  1345.780  1350.423  1345.780  1350.423  1174.274
(  77, Elec )   153.492   341.318   341.318   153.492   339.021   236.390   226.246   180.065   153.492   341.318   274.819
(  77, Heat )  1336.918  1336.918  1336.918  1162.531  1336.918  1336.918  1332.323  1336.918  1332.323  1336.918  1162.531
(  78, Elec )   153.338   340.977   340.977   153.338   338.682   236.154   226.020   179.885   153.338   340.977   274.544
(  78, Heat )  1323.549  1323.549  1323.549  1150.906  1323.549  1323.549  1318.999  1323.549  1318.999  1323.549  1150.906
(  79, Elec )   153.185   340.636   340.636   153.185   338.343   235.918   225.794   179.705   153.185   340.636   274.270
(  79, Heat )  1310.314  1310.314  1310.314  1139.397  1310.314  1310.314  1305.809  1310.314  1305.809  1310.314  1139.397
(  80, Elec )   153.032   340.295   340.295   153.032   338.005   235.682   225.568   179.525   153.032   340.295   273.995
(  80, Heat )  1297.211  1297.211  1297.211  1128.003  1297.211  1297.211  1292.751  1297.211  1292.751  1297.211  1128.003
(  81, Elec )   152.879   339.955   339.955   152.879   337.667   235.446   225.343   179.345   152.879   339.955   273.721
(  81, Heat )   728.683   728.683   728.683   561.167   728.683   728.683   724.268   728.683   724.268   728.683   561.167
(  82, Elec )   152.726   339.615   339.615   152.726   337.329   235.210   225.117   179.166   152.726   339.615   273.448
(  82, Heat )   165.841   165.841   165.841             165.841   165.841   161.470   165.841   161.470   165.841          
(  83, Elec )   152.573   339.276   339.276   152.573   336.992   234.975   224.892   178.987   152.573   339.276   273.174
(  83, Heat )   164.182   164.182   164.182             164.182   164.182   159.855   164.182   159.855   164.182          
(  84, Elec )   152.421   338.936   338.936   152.421   336.655   234.740   224.667   178.808   152.421   338.936   272.901
(  84, Heat )   162.540   394.167   162.540             162.540   162.540   225.679   162.540   225.679   162.540          
(  85, Elec )   152.268   338.597   338.597   152.268   336.318   234.506   224.443   178.629   152.268   338.597   272.628
(  85, Heat )   160.915             160.915             160.915   160.915   223.422   160.915   223.422   160.915          
(  86, Elec )   152.116   338.259   338.259   152.116   335.982   234.271   224.218   178.450   152.116   338.259   272.355
(  86, Heat )   378.605   340.080   491.089   450.000   378.605   378.605   440.486   378.605   440.486   378.605   450.000
(  87, Elec )   151.964   337.920   337.920   151.964   335.646   234.037   223.994   178.272   151.964   337.920   272.083
(  87, Heat )    38.139             149.499    99.402    38.139    38.139    99.402    38.139    99.402    38.139    99.402
(  88, Elec )   151.812   337.583   337.583   151.812   335.311   233.803   223.770   178.094   151.812   337.583   271.811
(  88, Heat )   449.440   411.682   598.004   510.091   449.440   449.440   510.091   449.440   510.091   449.440   510.091
(  89, Elec )   151.660   337.245   337.245   151.660   334.975   233.569   223.546   177.916   151.660   337.245   271.539
(  89, Heat )   504.990   504.990   504.990   504.990   504.990   504.990   504.990   504.990   504.990   504.990   504.990
(  90, Elec )   151.508   336.908   336.908   151.508   334.640   233.335   223.323   177.738   151.508   336.908   271.268
(  90, Heat )   748.070   748.070   748.070   748.070   748.070   748.070   748.070   748.070   748.070   748.070   748.070
(  91, Elec )   151.357   336.571   336.571   151.357   334.306   233.102   223.099   177.560   151.357   336.571   270.996
(  91, Heat )   185.033   185.033   185.033   185.033   185.033   185.033   185.033   185.033   185.033   185.033   185.033
(  92, Elec )   151.205   336.234   336.234   151.205   333.971   232.869   222.876   177.382   151.205   336.234   270.725
(  92, Heat )   431.313   431.313   431.313   431.313   431.313   431.313   431.313   431.313   431.313   431.313   431.313
(  93, Elec )   151.054   335.898   335.898   151.054   333.637   232.636   222.653   177.205   151.054   335.898   270.455
(  94, Elec )   150.903   335.562   335.562   150.903   333.304   232.403   222.431   177.028   150.903   335.562   231.199
(  94, Heat )   140.130   140.130    67.444   140.130   140.130   140.130   140.130   140.130   140.130   140.130          
(  95, Elec )   150.752   335.227   335.227   150.752   332.970   232.171   222.208   176.851   150.752   335.227   184.377
(  95, Heat )   355.179   355.179   228.437   355.179   355.179   355.179   355.179   355.179   355.179   355.179   369.398
(  96, Elec )   150.602   334.891   334.891   150.602   332.637   231.939   221.986   176.674   150.602   334.891   184.192
(  96, Heat )   568.077   568.077   676.152   568.077   801.627   568.077   801.627   568.077   568.077   568.077   527.370
(  97, Elec )   150.451   334.556   334.556   150.451   332.305   231.707   221.764   176.497   150.451   334.556   184.008
(  97, Heat )   778.846   778.846  1119.391   778.846  1010.061   778.846  1010.061   778.846   778.846   778.846   683.763
(  98, Elec )   150.300   334.222   334.222   150.300   331.972   231.475   221.542   176.321   150.300   334.222   183.824
(  98, Heat )   987.508   987.508  1324.647   987.508  1216.410   987.508  1216.410   987.508   987.508   987.508  1126.926
(  99, Elec )   150.150   333.888   333.888   150.150   331.641   231.244   221.321   176.144   150.150   333.888   183.640
(  99, Heat )  1427.633  1427.633  1761.400  1427.633  1654.246  1427.633  1654.246  1427.633  1427.633  1427.633  1565.657
( 100, Elec )   150.000   333.554   333.554   150.000   331.309   231.012   221.100   175.968   150.000   333.554   153.976
( 100, Heat )  1671.117  1671.117  2000.000  1671.117  1895.465  1671.117  1895.465  1671.117  1671.117  1671.117  2000.000
( 101, Elec )   151.690   335.060   335.060   151.690   332.818   232.622   222.719   177.633   151.690   335.060   155.663
( 101, Heat )  1478.604  1478.604  1804.198  1478.604  1700.708  1478.604  1700.708  1478.604  1478.604  1742.373  1804.198
( 102, Elec )   153.379   336.566   336.566   153.379   334.325   234.229   224.336   179.295   153.379   336.566   157.347
( 102, Heat )  1248.989  1248.989  1571.327  1248.989  1468.871  1248.989  1468.871  1248.989  1248.989  1510.120  1571.327
( 103, Elec )   155.066   338.069   338.069   155.066   335.831   235.835   225.952   180.956   155.066   338.069   159.030
( 103, Heat )   680.943   680.943  1000.058   680.943   898.627   680.943   898.627   680.943   680.943   939.463  1000.058
( 104, Elec )   156.751   339.571   339.571   156.751   337.336   237.440   227.566   182.615   156.751   339.571   160.711
( 104, Heat )   390.678   390.678   434.502   390.678   390.678   668.846   390.678   390.678   390.678   390.678   434.502
( 105, Elec )   156.594   339.232   339.232   156.594   336.998   156.594   227.339   182.433   156.594   339.232   160.551
( 105, Heat )   106.602   106.602    29.604   106.602   106.602   106.602   106.602   106.602   106.602   106.602   106.602
( 106, Elec )   156.437   338.893   338.893   156.437   336.661   156.437   227.111   182.250   156.437   338.893   160.390
( 106, Heat )   105.536   105.536    29.308   105.536   105.536   105.536   105.536   105.536   105.536   105.536   105.536
( 107, Elec )   156.281   338.554   338.554   156.281   336.325   156.281   226.884   182.068   156.281   338.554   160.230
( 107, Heat )   104.481   104.481    29.015   104.481   104.481   104.481   104.481   104.481   104.481   104.481   104.481
( 108, Elec )   156.125   338.215   338.215   156.125   335.988   156.125   226.657   181.886   156.125   338.215   160.069
( 108, Heat )   103.436   103.436    28.725   103.436   103.436   103.436   103.436   103.436   103.436   103.436   103.436
( 109, Elec )   155.969   337.877   337.877   155.969   335.652   155.969   226.431   181.704   155.969   337.877   159.909
( 109, Heat )   102.402   102.402    28.438   102.402   102.402   102.402   102.402   102.402   102.402   102.402   102.402
( 110, Elec )   155.813   337.539   337.539   155.813   335.317   155.813   226.204   181.522   155.813   337.539   159.749
( 110, Heat )   464.593   464.593   391.369   464.593   464.593   464.593   464.593   464.593   464.593   464.593   464.593
( 111, Elec )   155.657   337.202   337.202   155.657   334.981   155.657   225.978   181.341   155.657   337.202   159.590
( 111, Heat )   459.947   459.947   387.455   459.947   459.947   459.947   459.947   459.947   459.947   459.947   459.947
( 112, Elec )   155.501   336.864   336.864   155.501   334.646   155.501   225.752   181.160   155.501   336.864   159.430
( 112, Heat )   711.793   711.793   640.026   711.793   711.793   711.793   711.793   711.793   711.793   711.793   711.793
( 113, Elec )   155.346   336.528   336.528   155.346   334.312   155.346   225.526   180.978   155.346   336.528   159.271
( 113, Heat )   876.587   876.587   805.537   876.587   876.587   876.587   876.587   876.587   876.587   876.587   876.587
( 114, Elec )   155.190   336.191   336.191   155.190   333.977   155.190   225.301   180.797   155.190   336.191   159.111
( 114, Heat )   312.265   312.265   241.926   312.265   312.265   312.265   312.265   312.265   312.265   312.265   312.265
( 115, Elec )   155.035   335.855   335.855   155.035   333.643   155.035   225.076   180.617   155.035   169.188   158.952
( 115, Heat )   759.143   759.143   689.507   759.143   759.143   759.143   759.143   759.143   759.143   759.143   759.143
( 116, Elec )   154.880   335.519   335.519   154.880   333.310   154.880   224.851   180.436   154.880   169.019   158.793
( 116, Heat )   630.107   630.107   561.167   630.107   630.107   630.107   630.107   630.107   630.107   630.107   630.107
( 117, Elec )   154.725   335.183   335.183   154.725   332.976   154.725   224.626   180.256   154.725   168.850   158.634
( 117, Heat )    68.250    68.250              68.250    68.250    68.250    68.250    68.250    68.250    68.250    68.250
( 118, Elec )   154.571   334.848   281.795   154.571   332.643   154.571   224.401   180.075   154.571   168.681   158.476
( 118, Heat )   358.361   358.361   450.000   358.361   358.361   358.361   358.361   358.361   358.361   358.361   358.361
( 119, Elec )   154.416   334.513   281.513   154.416   332.311   154.416   224.177   179.895   154.416   168.512   158.317
( 119, Heat )                        90.722                                                                                
( 120, Elec )   154.262   334.179   281.231   154.262   331.978   154.262   223.953   179.715   154.262   168.344   158.159
( 120, Heat )   450.000   450.000   539.815   450.000   450.000   450.000   450.000   450.000   450.000   450.000   450.000
( 121, Elec )   154.107   333.845   280.950   154.107   331.646   154.107   223.729   179.536   154.107   168.176   158.001
( 121, Heat )   752.970   752.970   841.887   752.970   752.970   752.970   752.970   752.970   752.970   752.970   752.970
( 122, Elec )   153.953   333.511   280.669   153.953   331.315   153.953   223.505   179.356   153.953   168.007   157.843
( 122, Heat )  1041.749  1041.749  1129.777  1041.749  1041.749  1041.749  1041.749  1041.749  1041.749  1041.749  1041.749
( 123, Elec )   153.799   333.177   280.389   153.799   327.098   153.799   223.281   179.177   153.799   167.839   153.799
( 123, Heat )  1253.227  1253.227  1340.374  1253.227  1481.332  1253.227  1253.227  1253.227  1253.227  1253.227  1481.332
( 124, Elec )   153.645   332.844   280.108   153.645   326.771   153.645   223.058   178.998   153.645   167.672   153.645
( 124, Heat )  1313.301  1313.301  1399.577  1313.301  1539.124  1313.301  1313.301  1313.301  1313.301  1313.301  1539.124
( 125, Elec )   153.492   332.511   279.828   153.492   326.444   153.492   222.835   178.819   153.492   167.504   153.492
( 125, Heat )  1320.798  1320.798  1406.211  1320.798  1544.363  1320.798  1320.798  1320.798  1320.798  1320.798  1544.363
( 126, Elec )   153.338   332.179   279.548   153.338   326.117   153.338   222.612   178.640   153.338   167.336   153.338
( 126, Heat )  1307.590  1307.590  1392.149  1307.590  1433.898  1307.590  1307.590  1307.590  1307.590  1464.172  1497.713
( 127, Elec )   153.185   331.847   279.269   153.185   325.791   153.185   222.390   178.461   153.185   167.169   153.185
( 127, Heat )  1294.514  1294.514  1378.227  1294.514  1358.130  1294.514  1294.514  1294.514  1294.514  1449.530  1482.736
( 128, Elec )   153.032   331.515   278.989   153.032   325.465   153.032   222.167   178.283   153.032   167.002   153.032
( 128, Heat )  1404.929  1281.569  1364.445  1281.569  1467.909  1281.569  1281.569  1281.569  1281.569  1435.035  1467.909
( 129, Elec )   152.879   164.517   278.710   152.879   325.140   152.879   221.945   178.104   152.879   166.835   152.879
( 129, Heat )   835.324   713.198   795.245   713.198   897.674   713.198   713.198   713.198   713.198   865.129   897.674
( 130, Elec )   152.726   164.352   278.432   152.726   324.815   152.726   221.723   177.926   152.726   166.668   152.726
( 130, Heat )   339.554   218.649   299.876   218.649   401.281   218.649   218.649   218.649   218.649   369.062   401.281
( 131, Elec )   152.573   164.188   278.153   152.573   324.490   152.573   221.501   177.748   152.573   166.501   152.573
( 131, Heat )   336.159   216.463   296.878   216.463   397.268   216.463   216.463   216.463   216.463   365.371   397.268
( 132, Elec )   152.421   164.024   277.875   152.421   324.166   152.421   221.280   177.571   152.421   166.335   152.421
( 132, Heat )   335.053   216.554   296.165   216.554   395.552   216.554   216.554   216.554   216.554   363.973   395.552
( 133, Elec )   152.268   163.860   277.597   152.268   323.841   152.268   221.059   177.393   152.268   166.168   152.268
( 133, Heat )   331.703   214.389   293.203   214.389   391.596   214.389   214.389   214.389   214.389   360.334   391.596
( 134, Elec )   152.116   163.696   277.320   152.116   323.518   152.116   220.837   177.216   152.116   166.002   152.116
( 134, Heat )   519.050   402.909   480.936   402.909   578.345   402.909   402.909   402.909   402.909   547.395   578.345
( 135, Elec )   151.964   163.532   277.042   151.964   323.194   151.964   220.617   177.038   151.964   165.836   151.964
( 135, Heat )   513.860   398.880   476.126   398.880   572.561   398.880   398.880   398.880   398.880   541.921   572.561
( 136, Elec )   151.812   163.368   276.765   151.812   322.871   151.812   220.396   176.861   151.812   165.670   151.812
( 136, Heat )   508.721   394.892   471.365   394.892   566.836   394.892   394.892   394.892   394.892   536.502   566.836
( 137, Elec )   151.660   163.205   276.489   151.660   322.548   151.660   220.176   176.685   151.660   165.505   151.660
( 137, Heat )   561.167   561.167   561.167   561.167   561.167   561.167   561.167   561.167   561.167   561.167   561.167
( 138, Elec )   151.508   163.042   276.212   151.508   322.225   151.508   219.955   176.508   151.508   165.339   151.508
( 139, Elec )   151.357   162.879   275.936   151.357   321.903   151.357   219.735   176.331   151.357   165.174   151.357
( 139, Heat )   216.450   331.020   216.450   216.450   216.450   216.450   216.450   216.450   216.450   216.450   216.450
( 140, Elec )   151.205   162.716   275.660   151.205   321.581   151.205   219.516   176.155   151.205   165.009   151.205
( 140, Heat )    92.841   206.265    92.841    92.841    92.841    92.841    92.841    92.841    92.841    92.841    92.841
( 141, Elec )   151.054   162.553   275.384   151.054   321.260   151.054   219.296   175.979   151.054   164.844   151.054
( 141, Heat )             112.290                                                                                          
( 142, Elec )   150.903   162.391   275.109   150.903   320.938   150.903   219.077   175.803   150.903   164.679   150.903
( 142, Heat )   304.127   561.167   304.127   304.127   304.127   304.127   304.127   304.127   304.127   304.127   304.127
( 143, Elec )   150.752   150.752   274.834   150.752   320.617   150.752   218.858   175.627   150.752   164.514   150.752
( 144, Elec )   150.602   150.602   274.559   150.602   320.297   150.602   218.639   175.451   150.602   164.350   150.602
( 144, Heat )   314.262   314.262   314.262   314.262   314.262   314.262   314.262   314.262   314.262   314.262   314.262
( 145, Elec )   150.451   150.451   274.284   150.451   319.977   150.451   218.420   175.276   150.451   164.185   150.451
( 145, Heat )   527.569   527.569   527.569   527.569   527.569   527.569   527.569   761.119   527.569   527.569   527.569
( 146, Elec )   150.300   150.300   274.010   150.300   319.657   150.300   218.202   175.101   150.300   164.021   150.300
( 146, Heat )   967.974   967.974   967.974   967.974   967.974   967.974   967.974  1199.188   967.974   967.974   967.974
( 147, Elec )   150.150   150.150   273.736   150.150   319.337   150.150   217.984   174.926   150.150   163.857   150.150
( 147, Heat )  1408.294  1408.294  1408.294  1408.294  1408.294  1408.294  1408.294  1637.196  1408.294  1408.294  1408.294
( 148, Elec )   150.000   150.000   273.462   150.000   319.018   150.000   217.766   174.751   150.000   163.693   150.000
( 148, Heat )  1392.415  1560.410  1311.061  1392.415  1311.061  1392.415  1394.211  1537.675  1392.415  1311.061  1392.415
( 149, Elec )   150.151   150.151   273.490   150.151   318.999   150.151   217.849   174.877   150.151   163.830   150.151
( 149, Heat )  1378.491  1370.286  1067.063  1378.491  1067.063  1378.491  1380.269  1378.491  1378.491  1131.414  1378.491
( 150, Elec )   150.301   150.301   273.517   150.301   318.981   150.301   217.931   175.002   150.301   163.967   150.301
( 150, Heat )  1364.706  1356.583  1056.392  1364.706  1056.392  1364.706  1366.466  1364.706  1364.706  1120.099  1364.706
( 151, Elec )   150.451   150.451   273.544   150.451   318.962   150.451   218.014   175.128   150.451   164.104   150.451
( 151, Heat )  1351.059  1343.017  1045.829  1351.059  1045.829  1351.059  1352.802  1351.059  1351.059  1108.899  1351.059
( 152, Elec )   150.602   150.602   273.571   150.602   318.944   150.602   218.097   175.253   150.602   164.240   150.602
( 152, Heat )  1337.548  1329.587  1035.370  1337.548  1035.370  1337.548  1339.274  1337.548  1337.548  1097.810  1337.548
( 153, Elec )   150.451   150.451   273.297   150.451   318.625   150.451   217.879   175.078   150.451   164.076   150.451
( 153, Heat )  1324.173  1294.236  1025.017  1324.173  1025.017  1324.173  1325.881  1324.173  1324.173  1086.831  1324.173
( 154, Elec )   150.300   150.300   273.024   150.300   318.306   150.300   217.661   174.903   150.300   163.912   150.300
( 154, Heat )  1310.931  1281.294  1014.766  1310.931  1014.766  1310.931  1312.622  1310.931  1310.931  1075.963  1310.931
( 155, Elec )   150.150   150.150   272.751   150.150   317.988   150.150   217.443   174.728   150.150   163.748   150.150
( 155, Heat )  1297.822  1268.481  1004.619  1297.822  1004.619  1297.822  1299.496  1297.822  1297.822  1065.203  1297.822
( 156, Elec )   150.000   150.000   272.478   150.000   317.670   150.000   217.226   174.553   150.000   163.584   150.000
( 156, Heat )  1284.844  1255.796   994.573  1284.844   994.573  1284.844  1286.501  1284.844  1284.844  1054.551  1284.844
( 157, Elec )   150.302   150.302   272.657   150.302   317.804   150.302   217.460   174.831   150.302   163.872   150.302
( 157, Heat )   966.444   937.687   966.444   966.444   966.444   966.444   968.085   966.444   966.444   738.455   966.444
( 158, Elec )   150.603   150.603   272.837   150.603   317.938   150.603   217.694   175.108   150.603   164.160   150.603
( 158, Heat )   956.780   928.310   956.780   956.780   956.780   956.780   958.404   956.780   956.780   731.070   956.780
( 159, Elec )   150.905   150.905   273.016   150.905   318.072   150.905   217.929   175.384   150.905   164.448   150.905
( 159, Heat )   919.027   919.027   919.027   919.027   919.027   919.027   920.635   919.027   919.027   695.575   919.027
( 160, Elec )   151.205   151.205   273.194   151.205   318.206   151.205   218.162   175.661   151.205   164.735   151.205
( 160, Heat )   909.837   909.837   909.837   909.837   909.837   909.837   911.429   909.837   909.837   688.619   909.837
( 161, Elec )   151.054   151.054   272.921   151.054   317.888   151.054   217.944   175.485   151.054   164.571   151.054
( 161, Heat )   900.739   900.739   900.739   900.739   900.739   900.739  1015.005   900.739   900.739   681.733   900.739
( 162, Elec )   150.903   150.903   272.648   150.903   150.903   150.903   217.726   175.310   150.903   164.406   150.903
( 162, Heat )   336.176   336.176   336.176   336.176   336.176   336.176   449.300   336.176   336.176   119.360   336.176
( 163, Elec )   150.752   150.752   272.376   150.752   150.752   150.752   217.509   175.134   150.752   150.752   150.752
( 163, Heat )   568.167   568.167   568.167   568.167   568.167   568.167   894.807   568.167   568.167   568.167   568.167
( 164, Elec )   150.602   150.602   272.103   150.602   150.602   150.602   217.291   174.959   150.602   150.602   150.602
( 164, Heat )     6.929     6.929     6.929     6.929     6.929     6.929   330.303     6.929     6.929     6.929     6.929
( 165, Elec )   150.451   150.451   271.831   150.451   150.451   150.451   150.451   174.784   150.451   150.451   150.451
( 166, Elec )   150.300   150.300   150.300   150.300   150.300   150.300   150.300   174.609   150.300   150.300   150.300
( 166, Heat )                        63.630                                                                                
( 167, Elec )   150.150   150.150   150.150   150.150   150.150   150.150   150.150   174.435   150.150   150.150   150.150
( 167, Heat )                                                                                                       233.550
( 168, Elec )   150.000   150.000   150.000   150.000   150.000   150.000   150.000   150.000   150.000   150.000   150.000
( 168, Heat )                                                                         199.554   233.550             231.214

            +        12        13        14        15        16        17        18        19        20
            !  --------  --------  --------  --------  --------  --------  --------  --------  --------
(   1, Elec )   150.000   150.000   150.000   150.000   150.000   150.000   150.000   150.000   150.000
(   1, Heat )             231.215                                 231.215             233.550          
(   2, Elec )   150.000   150.000   150.000   150.000   150.000   150.000   150.000   150.000   150.000
(   2, Heat )   216.709   445.612   216.709   216.709   216.709   445.612   216.709   447.924   216.709
(   3, Elec )   150.000   150.000   150.000   150.000   150.000   150.000   150.000   150.000   150.000
(   3, Heat )   442.597   669.210   442.597   442.597   442.597   669.210   442.597   671.499   442.597
(   4, Elec )   150.000   150.000   150.000   150.000   150.000   150.000   150.000   150.000   150.000
(   4, Heat )   438.171   662.518   438.171   438.171   438.171   662.518   438.171   664.784   438.171
(   5, Elec )   150.151   150.151   150.151   150.151   150.151   150.151   150.151   150.151   150.151
(   5, Heat )   433.789   655.893   433.789   433.789   433.789   655.893   433.789   658.137   433.789
(   6, Elec )   150.301   150.301   150.301   150.301   150.301   150.301   150.301   150.301   150.301
(   6, Heat )   429.451   649.334   429.451   429.451   429.451   649.334   429.451   651.555   429.451
(   7, Elec )   150.451   150.451   150.451   150.451   150.451   150.451   150.451   150.451   150.451
(   7, Heat )   425.157   642.841   425.157   425.157   425.157   642.841   425.157   645.040   425.157
(   8, Elec )   150.602   150.602   150.602   150.602   150.602   150.602   150.602   150.602   150.602
(   8, Heat )   422.352   636.412   422.352   422.352   422.352   636.412   422.352   638.589   422.352
(   9, Elec )   150.451   150.451   150.451   150.451   150.451   150.451   150.451   150.451   150.451
(   9, Heat )             211.920                                 211.920             214.075          
(  10, Elec )   150.300   150.300   150.300   150.300   150.300   150.300   150.300   150.300   150.300
(  10, Heat )   211.934   211.934   211.934   211.934   211.934   211.934   211.934   211.934   211.934
(  11, Elec )   150.150   150.150   150.150   150.150   150.150   150.150   150.150   150.150   150.150
(  12, Elec )   150.000   150.000   150.000   150.000   150.000   150.000   150.000   150.000   150.000
(  13, Elec )   192.503   183.145   192.503   192.503   192.503   192.503   192.503   192.503   192.503
(  14, Elec )   234.963   225.614   234.963   234.963   234.963   234.963   234.963   234.963   234.963
(  15, Elec )   277.380   268.041   277.380   277.380   277.380   277.380   277.380   277.380   277.380
(  16, Elec )   319.756   310.426   319.756   319.756   319.756   319.756   319.756   319.756   319.756
(  17, Elec )   319.436   310.115   319.436   319.436   319.436   319.436   319.436   319.436   319.436
(  18, Elec )   319.116   309.805   319.116   319.116   319.116   319.116   319.116   319.116   319.116
(  19, Elec )   318.797   309.496   318.797   318.797   318.797   318.797   318.797   318.797   318.797
(  20, Elec )   318.478   309.186   318.478   318.478   318.478   318.478   151.812   318.478   318.478
(  20, Heat )   311.130   311.130   311.130   311.130   311.130   311.130   311.130   311.130   311.130
(  21, Elec )   318.160   308.877   318.160   318.160   318.160   318.160   151.660   318.160   318.160
(  22, Elec )   317.842   308.568   317.842   317.842   317.842   317.842   151.508   317.842   317.842
(  23, Elec )   317.524   308.259   317.524   317.524   317.524   317.524   151.357   317.524   317.524
(  23, Heat )   255.037   255.037   255.037   255.037   255.037   255.037   255.037   255.037   255.037
(  24, Elec )   317.206   307.951   317.206   317.206   317.206   317.206   151.205   317.206   317.206
(  24, Heat )   702.486   702.486   702.486   702.486   702.486   702.486   702.486   702.486   702.486
(  25, Elec )   316.889   307.643   316.889   316.889   316.889   316.889   151.054   316.889   316.889
(  25, Heat )   911.911   911.911  1145.461   911.911   911.911   911.911   911.911   911.911   911.911
(  26, Elec )   316.572   307.336   316.572   316.572   316.572   316.572   150.903   316.572   316.572
(  26, Heat )  1119.242  1119.242  1350.457  1119.242  1119.242  1119.242  1119.242  1352.792  1119.242
(  27, Elec )   316.256   307.028   316.256   316.256   316.256   316.256   150.752   316.256   316.256
(  27, Heat )  1150.675  1150.675  1379.578  1150.675  1150.675  1150.675  1150.675  1381.890  1150.675
(  28, Elec )   315.939   306.721   315.939   315.939   315.939   315.939   150.602   315.939   315.939
(  28, Heat )   964.611  1030.630  1030.630  1030.630  1030.630  1030.630  1030.630  1184.754  1030.630
(  29, Elec )   315.624   306.414   315.624   315.624   315.624   315.624   150.451   315.624   315.624
(  29, Heat )   954.965  1020.324  1020.324  1020.324  1020.324  1020.324  1020.324  1172.907  1020.324
(  30, Elec )   315.308   306.108   315.308   315.308   315.308   315.308   150.300   315.308   315.308
(  30, Heat )   945.415  1010.121  1010.121  1010.121  1010.121  1010.121  1010.121  1161.178  1010.121
(  31, Elec )   314.993   305.802   314.993   314.993   314.993   314.993   150.150   314.993   314.993
(  31, Heat )   935.961  1000.020  1000.020  1000.020  1000.020  1000.020  1000.020  1149.566  1000.020
(  32, Elec )   314.678   305.496   314.678   314.678   314.678   314.678   150.000   314.678   314.678
(  32, Heat )   926.602   990.019   990.019   990.019   990.019   990.019   990.019  1138.070   990.019
(  33, Elec )   324.926   315.754   324.926   324.926   324.926   324.926   160.413   324.926   324.926
(  33, Heat )   917.335   980.119   980.119   980.119   980.119   980.119   980.119  1126.690   980.119
(  34, Elec )   335.165   326.001   335.165   335.165   335.165   335.165   170.816   335.165   335.165
(  34, Heat )   899.355   899.355   899.355   899.355   899.355   899.355   899.355  1044.459   899.355
(  35, Elec )   345.393   336.239   345.393   345.393   345.393   345.393   181.209   345.393   345.393
(  35, Heat )   890.361   890.361   890.361   890.361   890.361   890.361   890.361  1034.015   890.361
(  36, Elec )   355.611   346.466   355.611   355.611   355.611   355.611   191.591   355.611   355.611
(  36, Heat )   881.458   881.458   881.458   881.458   881.458   881.458   881.458  1023.675   881.458
(  37, Elec )   355.255   346.119   355.255   355.255   355.255   355.255   191.399   355.255   355.255
(  37, Heat )   872.643   872.643   872.643   872.643   872.643   872.643   872.643  1013.438   872.643
(  38, Elec )   354.900   345.773   354.900   354.900   354.900   354.900   191.208   354.900   354.900
(  38, Heat )   863.917   863.917   863.917   863.917   863.917   863.917   863.917  1003.303   863.917
(  39, Elec )   354.545   345.427   354.545   354.545   354.545   354.545   191.016   354.545   354.545
(  39, Heat )   855.277   855.277   855.277   855.277   855.277   855.277   855.277   993.270   855.277
(  40, Elec )   354.190   345.082   354.190   354.190   354.190   354.190   190.825   354.190   354.190
(  40, Heat )   846.725   846.725   846.725   846.725   846.725   846.725   846.725   983.338   846.725
(  41, Elec )   353.836   344.737   353.836   353.836   353.836   353.836   190.635   353.836   353.836
(  41, Heat )   838.257   838.257   838.257   838.257   838.257   838.257   838.257   973.504   838.257
(  42, Elec )   353.482   344.392   353.482   353.482   353.482   353.482   190.444   353.482   353.482
(  42, Heat )   829.875   829.875   829.875   829.875   829.875   829.875   829.875   963.769   829.875
(  43, Elec )   353.129   344.048   353.129   353.129   353.129   353.129   190.253   227.886   353.129
(  43, Heat )   821.576   821.576   821.576   821.576   821.576   821.576   821.576   821.576   821.576
(  44, Elec )   271.424   343.704   352.776   352.776   352.776   352.776   190.063   227.658   352.776
(  44, Heat )   257.805   257.805   257.805   257.805   257.805   257.805   257.805   257.805   257.805
(  45, Elec )   271.153   343.360   352.423   185.756   352.423   352.423   189.873   227.430   352.423
(  45, Heat )   122.671   122.671   122.671   122.671   122.671   122.671   122.671   122.671   122.671
(  46, Elec )   270.882   343.017   352.070   185.570   352.070   352.070   189.683   227.203   352.070
(  47, Elec )   270.611   342.674   351.718   185.385   351.718   351.718   189.494   226.975   351.718
(  47, Heat )   450.000   450.000   450.000   450.000   450.000   450.000   450.000   450.000   450.000
(  48, Elec )   270.340   342.331   351.367   185.199   351.367   351.367   189.304   226.748   351.367
(  48, Heat )   895.500   895.500   895.500   895.500   895.500   895.500   895.500   895.500   895.500
(  49, Elec )   270.070   341.989   351.015   185.014   351.015   274.411   189.115   226.522   351.015
(  49, Heat )  1210.341  1210.341  1210.341  1210.341  1210.341  1336.545  1210.341  1210.341  1210.341
(  50, Elec )   269.800   341.647   350.664   184.829   350.664   274.136   188.926   226.295   350.664
(  50, Heat )  1198.237  1198.237  1198.237  1198.237  1334.562  1264.800  1198.237  1198.237  1198.237
(  51, Elec )   269.530   341.305   350.314   184.644   350.314   273.862   188.737   226.069   350.314
(  51, Heat )  1271.366  1186.255  1186.255  1186.255  1321.216  1252.152  1186.255  1186.255  1186.255
(  52, Elec )   269.261   340.964   349.963   184.460   349.963   273.588   188.548   225.843   349.963
(  52, Heat )  1258.653  1174.393  1174.393  1174.393  1308.004  1239.631  1174.393  1174.393  1174.393
(  53, Elec )   268.991   340.623   349.613   184.275   349.613   273.315   188.360   225.617   349.613
(  53, Heat )  1246.066  1162.649  1162.649  1162.649  1294.924  1227.235  1162.649  1162.649  1162.649
(  54, Elec )   268.722   340.282   349.264   184.091   349.264   273.041   188.171   225.391   349.264
(  54, Heat )  1233.605  1151.022  1151.022  1151.022  1281.975  1214.962  1151.022  1151.022  1151.022
(  55, Elec )   268.454   339.942   348.914   183.907   348.914   272.768   187.983   225.166   348.914
(  55, Heat )  1221.269  1139.512  1139.512  1139.512  1269.155  1202.813  1139.512  1139.512  1139.512
(  56, Elec )   268.185   339.602   348.565   183.723   348.565   272.496   187.795   224.941   348.565
(  56, Heat )   653.501   572.561   572.561   572.561   700.908   635.229   572.561   572.561   572.561
(  57, Elec )   267.917   339.262   348.217   183.539   348.217   272.223   187.607   224.716   348.217
(  57, Heat )   646.966   566.836   566.836   566.836   693.899   628.877   566.836   566.836   566.836
(  58, Elec )   267.649   338.923   347.869   183.356   347.869   271.951   187.420   224.491   347.869
(  58, Heat )   640.496   561.167   561.167   561.167   686.960   622.588   561.167   561.167   561.167
(  59, Elec )   267.381   338.584   347.521   183.172   347.521   271.679   187.232   224.267   347.521
(  59, Heat )    78.536                                 124.535    60.806                              
(  60, Elec )   267.114   336.790   347.173   182.989   347.173   271.407   187.045   224.042   347.173
(  60, Heat )   296.240   450.000   218.489   218.489   341.779   278.688   218.489   218.489   218.489
(  61, Elec )   266.847   336.453   346.826   182.806   346.826   271.136   186.858   223.818   346.826
(  61, Heat )   293.277   275.901   216.304   216.304   338.361   275.901   216.304   216.304   135.542
(  62, Elec )   266.580   336.117   346.479   182.623   346.479   270.865   186.671   223.595   278.974
(  62, Heat )   601.389   584.187   525.186   525.186   646.022   584.187   525.186   525.186   584.187
(  63, Elec )   266.314   335.781   346.133   182.441   346.133   270.594   186.484   223.371   278.695
(  63, Heat )   595.375   578.345   519.934   519.934   639.562   578.345   519.934   519.934   578.345
(  64, Elec )   266.047   335.445   345.787   182.258   345.787   270.323   186.298   223.148   278.417
(  64, Heat )   589.422   572.561   514.735   514.735   633.166   572.561   514.735   514.735   572.561
(  65, Elec )   265.781   335.110   345.441   182.076   345.441   270.053   186.112   222.924   278.138
(  65, Heat )   583.528   566.836   509.587   509.587   626.834   566.836   509.587   509.587   566.836
(  66, Elec )   265.515   334.774   345.095   181.894   345.095   269.783   185.925   222.702   277.860
(  66, Heat )   748.070   561.167   561.167   561.167   748.070   561.167   561.167   561.167   561.167
(  67, Elec )   265.250   334.440   344.750   181.712   344.750   269.513   185.740   222.479   277.582
(  67, Heat )   185.033                                 185.033                                        
(  68, Elec )   264.985   334.105   344.406   181.530   344.406   269.244   185.554   222.256   277.305
(  68, Heat )   431.313   248.130   248.130   248.130   431.313   248.130   248.130   248.130   248.130
(  69, Elec )   154.725   333.771   344.061   181.349   234.067   268.974   185.368   222.034   277.027
(  70, Elec )   154.571   333.437   222.925   181.168   233.833   268.705   185.183   221.812   276.750
(  70, Heat )    75.846    75.846   140.130    75.846    75.846    75.846    75.846    75.846    75.846
(  71, Elec )   154.416   333.104   222.702   170.116   233.599   268.437   184.998   221.590   276.474
(  71, Heat )   306.770   306.770   370.411   525.087   306.770   306.770   306.770   306.770   306.770
(  72, Elec )   154.262   332.771   222.479   169.946   233.365   268.168   184.813   221.369   276.197
(  72, Heat )   753.702   753.702   816.707   969.837   753.702   753.702   753.702   753.702   753.702
(  73, Elec )   154.107   332.438   222.257   169.776   233.132   267.900   184.628   221.147   275.921
(  73, Heat )  1196.165  1196.165  1258.540  1410.138  1196.165  1196.165  1196.165  1196.165  1196.165
(  74, Elec )   153.953   332.106   222.035   169.606   232.899   267.632   184.443   220.926   275.645
(  74, Heat )  1377.842  1377.842  1439.593  1589.675  1377.842  1377.842  1377.842  1611.392  1377.842
(  75, Elec )   153.799   331.774   221.813   169.437   232.666   267.365   184.259   220.705   275.369
(  75, Heat )  1364.063  1523.696  1425.197  1482.523  1272.808  1364.063  1364.063  1504.022  1364.063
(  76, Elec )   153.645   331.442   221.591   169.267   232.433   267.097   184.075   220.485   275.094
(  76, Heat )  1350.423  1174.274  1410.945  1418.847  1174.274  1350.423  1350.423  1418.847  1350.423
(  77, Elec )   153.492   331.110   221.369   169.098   232.201   266.830   183.890   220.264   274.819
(  77, Heat )  1336.918  1162.531  1396.835  1404.659  1162.531  1336.918  1336.918  1404.659  1336.918
(  78, Elec )   153.338   330.779   221.148   168.929   231.969   266.563   183.707   220.044   274.544
(  78, Heat )  1323.549  1150.906  1382.867  1390.612  1150.906  1323.549  1323.549  1390.612  1323.549
(  79, Elec )   153.185   330.448   220.927   168.760   231.737   266.297   183.523   219.824   274.270
(  79, Heat )  1310.314  1139.397  1369.038  1376.706  1139.397  1310.314  1310.314  1376.706  1310.314
(  80, Elec )   153.032   330.118   220.706   168.591   231.505   266.030   183.339   219.604   273.995
(  80, Heat )  1297.211  1128.003  1355.348  1362.939  1128.003  1297.211  1297.211  1362.939  1297.211
(  81, Elec )   152.879   329.788   220.485   168.423   231.273   265.764   183.156   219.384   273.721
(  81, Heat )   728.683   561.167   786.239   793.754   561.167   728.683   728.683   793.754   728.683
(  82, Elec )   152.726   329.458   220.265   168.254   231.042   265.499   182.973   219.165   273.448
(  82, Heat )   165.841             222.821   230.261             165.841   165.841   230.261   165.841
(  83, Elec )   152.573   329.129   220.044   168.086   230.811   265.233   182.790   218.946   273.174
(  83, Heat )   164.182             220.593   227.958             164.182   164.182   227.958   164.182
(  84, Elec )   152.421   328.799   219.824   167.918   230.580   264.968   182.607   218.727   272.901
(  84, Heat )   162.540             218.387   225.679             162.540   162.540   225.679   162.540
(  85, Elec )   152.268   328.471   219.605   167.750   230.350   264.703   182.424   218.508   272.628
(  85, Heat )   160.915             216.203   223.422             160.915   160.915   223.422   160.915
(  86, Elec )   152.116   326.109   219.385   167.582   230.119   264.438   182.242   218.290   272.355
(  86, Heat )   378.605   450.000   433.340   440.486   450.000   378.605   561.167   440.486   378.605
(  87, Elec )   151.964   325.783   219.166   167.415   229.889   264.174   151.964   218.071   272.083
(  87, Heat )    38.139    99.402    92.327    99.402    99.402    38.139              99.402    38.139
(  88, Elec )   151.812   325.457   218.946   167.247   229.659   263.910   151.812   217.853   271.811
(  88, Heat )   449.440   510.091   503.086   510.091   510.091   449.440   411.682   510.091   449.440
(  89, Elec )   151.660   325.132   218.727   167.080   229.430   263.646   151.660   217.635   271.539
(  89, Heat )   504.990   504.990   504.990   504.990   504.990   504.990   504.990   504.990   504.990
(  90, Elec )   151.508   324.807   218.509   166.913   229.200   263.382   151.508   217.418   271.268
(  90, Heat )   748.070   748.070   748.070   748.070   748.070   748.070   748.070   748.070   748.070
(  91, Elec )   151.357   324.482   218.290   166.746   228.971   263.119   151.357   217.200   270.996
(  91, Heat )   185.033   185.033   185.033   185.033   185.033   185.033   185.033   185.033   185.033
(  92, Elec )   151.205   324.157   218.072   166.579   228.742   262.856   151.205   216.983   270.725
(  92, Heat )   431.313   431.313   431.313   431.313   431.313   431.313   431.313   431.313   431.313
(  93, Elec )   151.054   323.833   217.854   166.413   228.513   262.593   151.054   216.766   270.455
(  94, Elec )   150.903   323.509   217.636   166.246   228.285   262.330   150.903   216.549   270.184
(  94, Heat )   140.130   140.130   140.130   140.130   140.130    67.444   140.130   140.130   140.130
(  95, Elec )   150.752   323.186   217.418   166.080   228.057   262.068   150.752   216.333   269.914
(  95, Heat )   355.179   355.179   588.729   355.179   355.179   283.220   355.179   355.179   355.179
(  96, Elec )   150.602   322.863   217.201   165.914   227.829   261.806   150.602   216.116   269.644
(  96, Heat )   568.077   568.077   799.291   568.077   568.077   483.192   568.077   568.077   568.077
(  97, Elec )   150.451   322.540   216.984   165.748   227.601   261.544   150.451   215.900   269.374
(  97, Heat )   778.846   778.846  1007.748   778.846   778.846   928.360   778.846   778.846   778.846
(  98, Elec )   150.300   322.217   216.767   165.582   227.373   261.282   150.300   215.684   269.105
(  98, Heat )   987.508   987.508  1214.121   987.508   987.508  1369.077  1221.058   987.508   987.508
(  99, Elec )   150.150   321.895   216.550   165.417   227.146   261.021   150.150   215.469   268.836
(  99, Heat )  1427.633  1427.633  1651.980  1427.633  1427.633  1805.386  1658.847  1427.633  1427.633
( 100, Elec )   150.000   321.573   216.333   165.251   226.919   260.760   150.000   215.253   268.567
( 100, Heat )  1671.117  1671.117  1893.221  1671.117  1671.117  2000.000  1900.020  1671.117  1671.117
( 101, Elec )   151.690   323.092   217.957   166.926   228.532   262.340   151.690   216.878   270.139
( 101, Heat )  1478.604  1478.604  1698.487  1478.604  1478.604  1804.198  1705.217  1478.604  1478.604
( 102, Elec )   153.379   324.609   219.580   168.600   230.144   263.917   153.379   218.502   271.709
( 102, Heat )  1248.989  1248.989  1466.672  1248.989  1248.989  1571.327  1473.336  1248.989  1248.989
( 103, Elec )   155.066   326.125   221.200   170.271   231.754   265.494   155.066   220.123   273.277
( 103, Heat )   680.943   680.943   921.816   680.943   680.943  1000.058   903.047   680.943   680.943
( 104, Elec )   156.751   327.639   222.819   171.941   233.362   267.068   156.751   221.743   274.844
( 104, Heat )   390.678   390.678   912.598   390.678   390.678   434.502   390.678   390.678   390.678
( 105, Elec )   156.594   327.311   222.596   171.769   233.129   266.801   156.594   221.522   274.569
( 105, Heat )   106.602   106.602   623.304   106.602   106.602    15.345   106.602   106.602   106.602
( 106, Elec )   156.437   326.984   222.374   171.598   232.896   266.535   156.437   221.300   274.295
( 106, Heat )   105.536   105.536   617.071   105.536   105.536    15.192   105.536   105.536   105.536
( 107, Elec )   156.281   326.657   222.152   171.426   232.663   266.268   156.281   221.079   274.021
( 107, Heat )   104.481   104.481   610.900   104.481   104.481    15.040   104.481   104.481   104.481
( 108, Elec )   156.125   326.330   221.929   171.255   232.430   266.002   156.125   220.858   273.747
( 108, Heat )   103.436   103.436   604.791   103.436   103.436    14.890   103.436   103.436   103.436
( 109, Elec )   155.969   326.004   221.707   171.083   232.198   265.736   155.969   220.637   273.473
( 109, Heat )   102.402   102.402   598.743   102.402   102.402    14.741   102.402   102.402   102.402
( 110, Elec )   155.813   325.678   221.486   170.912   231.965   170.037   155.813   220.416   273.199
( 110, Heat )   464.593   464.593   955.971   464.593   464.593   464.593   464.593   464.593   464.593
( 111, Elec )   155.657   325.352   221.264   170.741   231.734   169.867   155.657   220.196   272.926
( 111, Heat )   459.947   459.947   677.535   459.947   459.947   459.947   459.947   459.947   459.947
( 112, Elec )   155.501   325.027   221.043   170.571   231.502   169.697   155.501   219.976   272.653
( 112, Heat )   711.793   711.793   927.205   711.793   711.793   711.793   711.793   711.793   711.793
( 113, Elec )   155.346   324.702   220.822   170.400   231.270   169.527   155.346   219.756   272.381
( 113, Heat )   876.587   876.587  1089.844   876.587   876.587   876.587   876.587   876.587   876.587
( 114, Elec )   155.190   324.377   220.601   170.230   231.039   169.357   155.190   219.536   272.108
( 114, Heat )   312.265   312.265   523.390   312.265   312.265   312.265   312.265   312.265   312.265
( 115, Elec )   155.035   324.053   220.381   170.059   230.808   169.188   155.035   219.316   271.836
( 115, Heat )   759.143   759.143   968.156   759.143   759.143   759.143   759.143   759.143   759.143
( 116, Elec )   154.880   323.729   220.160   169.889   230.577   169.019   154.880   219.097   271.564
( 116, Heat )   630.107   630.107   837.030   630.107   630.107   630.107   630.107   630.107   630.107
( 117, Elec )   154.725   323.405   219.940   154.725   230.347   168.850   154.725   218.878   271.293
( 117, Heat )    68.250    68.250   273.104    68.250    68.250    68.250    68.250    68.250    68.250
( 118, Elec )   154.571   323.082   219.720   154.571   230.116   168.681   154.571   218.659   271.021
( 118, Heat )   358.361   358.361   561.167   358.361   358.361   358.361   358.361   358.361   358.361
( 119, Elec )   154.416   322.758   219.500   154.416   229.886   168.512   154.416   218.441   270.750
( 120, Elec )   154.262   322.436   219.281   154.262   229.656   168.344   154.262   218.222   270.480
( 120, Heat )   450.000   450.000   450.000   450.000   450.000   450.000   450.000   450.000   450.000
( 121, Elec )   154.107   322.113   154.107   154.107   229.427   168.176   154.107   218.004   270.209
( 121, Heat )   752.970   752.970   895.500   752.970   752.970   752.970   752.970   752.970   752.970
( 122, Elec )   153.953   321.791   153.953   153.953   229.197   168.007   153.953   217.786   269.939
( 122, Heat )  1041.749  1041.749  1182.854  1041.749  1041.749  1041.749  1041.749  1041.749  1041.749
( 123, Elec )   153.799   321.469   153.799   153.799   225.082   167.839   153.799   217.568   269.669
( 123, Heat )  1253.227  1253.227  1392.920  1253.227  1481.332  1253.227  1253.227  1253.227  1253.227
( 124, Elec )   153.645   321.148   153.645   153.645   224.857   167.672   153.645   217.350   269.399
( 124, Heat )  1313.301  1313.301  1451.597  1313.301  1539.124  1313.301  1546.851  1313.301  1313.301
( 125, Elec )   153.492   320.827   153.492   153.492   224.632   167.504   153.492   217.133   269.130
( 125, Heat )  1320.798  1320.798  1457.711  1320.798  1544.363  1320.798  1552.012  1554.348  1320.798
( 126, Elec )   153.338   320.506   153.338   153.338   224.408   167.336   153.338   216.916   268.861
( 126, Heat )  1307.590  1307.590  1599.716  1307.590  1497.713  1307.590  1497.713  1497.713  1307.590
( 127, Elec )   153.185   320.185   153.185   153.185   224.183   167.169   153.185   216.699   268.592
( 127, Heat )  1294.514  1294.514  1482.736  1294.514  1482.736  1294.514  1482.736  1482.736  1294.514
( 128, Elec )   153.032   319.865   153.032   153.032   223.959   167.002   153.032   216.482   268.323
( 128, Heat )  1281.569  1281.569  1467.909  1281.569  1467.909  1281.569  1467.909  1467.909  1281.569
( 129, Elec )   152.879   152.879   152.879   152.879   223.735   166.835   152.879   216.266   152.879
( 129, Heat )   713.198   713.198   897.674   713.198   897.674   713.198   897.674   897.674   713.198
( 130, Elec )   152.726   152.726   152.726   152.726   223.511   166.668   152.726   216.050   152.726
( 130, Heat )   218.649   218.649   401.281   218.649   401.281   218.649   401.281   401.281   218.649
( 131, Elec )   152.573   152.573   152.573   152.573   223.288   166.501   152.573   215.834   152.573
( 131, Heat )   216.463   216.463   397.268   216.463   397.268   216.463   397.268   397.268   216.463
( 132, Elec )   152.421   152.421   152.421   152.421   223.064   166.335   152.421   215.618   152.421
( 132, Heat )   216.554   216.554   395.552   216.554   395.552   216.554   395.552   395.552   216.554
( 133, Elec )   152.268   152.268   152.268   152.268   222.841   166.168   152.268   215.402   152.268
( 133, Heat )   214.389   214.389   391.596   214.389   391.596   214.389   391.596   391.596   214.389
( 134, Elec )   152.116   152.116   152.116   152.116   222.619   166.002   152.116   215.187   152.116
( 134, Heat )   402.909   402.909   578.345   402.909   578.345   636.459   578.345   578.345   402.909
( 135, Elec )   151.964   151.964   151.964   151.964   222.396   165.836   151.964   214.972   151.964
( 135, Heat )   398.880   398.880   572.561   398.880   572.561   630.095   572.561   572.561   398.880
( 136, Elec )   151.812   151.812   151.812   151.812   222.174   165.670   151.812   214.757   151.812
( 136, Heat )   394.892   394.892   566.836   394.892   566.836   623.794   566.836   566.836   394.892
( 137, Elec )   151.660   151.660   151.660   151.660   221.951   165.505   151.660   214.542   151.660
( 137, Heat )   561.167   561.167   561.167   561.167   561.167   805.537   561.167   561.167   805.537
( 138, Elec )   151.508   151.508   151.508   151.508   221.729   165.339   151.508   214.327   151.508
( 138, Heat )                                                     241.926                       241.926
( 139, Elec )   151.357   151.357   151.357   151.357   221.508   165.174   151.357   214.113   151.357
( 139, Heat )   450.000   216.450   216.450   216.450   216.450   689.507   216.450   450.000   689.507
( 140, Elec )   151.205   151.205   151.205   151.205   221.286   165.009   151.205   213.899   151.205
( 140, Heat )   324.056    92.841    92.841    92.841    92.841   561.167    92.841   324.056   561.167
( 141, Elec )   151.054   151.054   151.054   151.054   221.065   164.844   151.054   213.685   151.054
( 142, Elec )   150.903   150.903   150.903   150.903   220.844   164.679   150.903   150.903   150.903
( 142, Heat )   304.127   304.127   304.127   304.127   304.127   304.127   304.127   450.000   304.127
( 143, Elec )   150.752   150.752   150.752   150.752   220.623   164.514   150.752   150.752   150.752
( 144, Elec )   150.602   150.602   150.602   150.602   150.602   164.350   150.602   150.602   150.602
( 144, Heat )   314.262   314.262   314.262   314.262   450.000   314.262   314.262   314.262   314.262
( 145, Elec )   150.451   150.451   150.451   150.451   150.451   164.185   150.451   150.451   150.451
( 145, Heat )   527.569   527.569   527.569   527.569   895.500   527.569   527.569   527.569   527.569
( 146, Elec )   150.300   150.300   150.300   150.300   150.300   164.021   150.300   150.300   150.300
( 146, Heat )   967.974   967.974   967.974   967.974  1332.225   967.974   967.974   967.974   967.974
( 147, Elec )   150.150   150.150   150.150   150.150   150.150   163.857   150.150   150.150   150.150
( 147, Heat )  1408.294  1408.294  1408.294  1408.294  1768.903  1408.294  1408.294  1408.294  1408.294
( 148, Elec )   150.000   150.000   150.000   150.000   150.000   163.693   150.000   150.000   150.000
( 148, Heat )  1392.415  1392.415  1311.061  1392.415  1668.064  1311.061  1392.415  1392.415  1392.415
( 149, Elec )   150.151   150.151   150.151   150.151   150.151   163.830   150.151   150.151   150.151
( 149, Heat )  1378.491  1378.491  1067.063  1378.491  1378.491  1131.414  1378.491  1378.491  1378.491
( 150, Elec )   150.301   150.301   150.301   150.301   150.301   163.967   150.301   150.301   150.301
( 150, Heat )  1364.706  1364.706  1056.392  1364.706  1364.706  1120.099  1364.706  1364.706  1364.706
( 151, Elec )   150.451   150.451   150.451   150.451   150.451   164.104   150.451   150.451   150.451
( 151, Heat )  1351.059  1351.059  1045.829  1351.059  1351.059  1108.899  1351.059  1351.059  1351.059
( 152, Elec )   150.602   150.602   150.602   150.602   150.602   164.240   150.602   150.602   150.602
( 152, Heat )  1337.548  1337.548  1035.370  1337.548  1337.548  1097.810  1337.548  1337.548  1337.548
( 153, Elec )   150.451   150.451   150.451   150.451   150.451   164.076   150.451   150.451   150.451
( 153, Heat )  1324.173  1324.173  1025.017  1324.173  1324.173  1086.831  1324.173  1324.173  1324.173
( 154, Elec )   150.300   150.300   150.300   150.300   150.300   163.912   150.300   150.300   150.300
( 154, Heat )  1310.931  1310.931  1014.766  1310.931  1310.931  1075.963  1310.931  1310.931  1310.931
( 155, Elec )   150.150   150.150   150.150   150.150   150.150   163.748   150.150   150.150   150.150
( 155, Heat )  1297.822  1297.822  1004.619  1297.822  1297.822  1065.203  1297.822  1297.822  1297.822
( 156, Elec )   150.000   150.000   150.000   150.000   150.000   163.584   150.000   150.000   150.000
( 156, Heat )  1284.844  1284.844   994.573  1284.844  1284.844  1054.551  1284.844  1284.844  1284.844
( 157, Elec )   150.302   150.302   150.302   150.302   150.302   163.872   150.302   150.302   150.302
( 157, Heat )   966.444   966.444   966.444   966.444   966.444   738.455   966.444   966.444   966.444
( 158, Elec )   150.603   150.603   150.603   150.603   150.603   164.160   150.603   150.603   150.603
( 158, Heat )   956.780   956.780   956.780   956.780   956.780   731.070   956.780   956.780   956.780
( 159, Elec )   150.905   150.905   150.905   150.905   150.905   164.448   150.905   150.905   150.905
( 159, Heat )   919.027   919.027   919.027   919.027   919.027   695.575   919.027   919.027   919.027
( 160, Elec )   151.205   151.205   151.205   151.205   151.205   164.735   151.205   151.205   151.205
( 160, Heat )   909.837   909.837   909.837   909.837   909.837   688.619   909.837   909.837   909.837
( 161, Elec )   151.054   151.054   151.054   151.054   151.054   164.571   151.054   151.054   151.054
( 161, Heat )   900.739   900.739   900.739   900.739   900.739   681.733   900.739   900.739   900.739
( 162, Elec )   150.903   150.903   150.903   150.903   150.903   164.406   150.903   150.903   150.903
( 162, Heat )   336.176   336.176   336.176   336.176   336.176   119.360   336.176   336.176   336.176
( 163, Elec )   150.752   150.752   150.752   150.752   150.752   150.752   150.752   150.752   150.752
( 163, Heat )   568.167   568.167   568.167   568.167   568.167   568.167   568.167   568.167   568.167
( 164, Elec )   150.602   150.602   150.602   150.602   150.602   150.602   150.602   150.602   150.602
( 164, Heat )     6.929     6.929     6.929     6.929     6.929     6.929     6.929     6.929     6.929
( 165, Elec )   150.451   150.451   150.451   150.451   150.451   150.451   150.451   150.451   150.451
( 166, Elec )   150.300   150.300   150.300   150.300   150.300   150.300   150.300   150.300   150.300
( 167, Elec )   150.150   150.150   150.150   150.150   150.150   150.150   150.150   150.150   150.150
( 168, Elec )   150.000   150.000   150.000   150.000   150.000   150.000   150.000   150.000   150.000
( 168, Heat )                                 233.550                                                  
    ;


