
    Storage_input_energy(t,x,z) := data table 
                     1        2        3        4        5        6        7        8        9       10       11       12       13
            !  -------  -------  -------  -------  -------  -------  -------  -------  -------  -------  -------  -------  -------
(   1, Heat )                                                                                   259.212                           
(   2, Elec )    0.167    0.167    0.167    0.167    0.167    0.167    0.167    0.167    0.167    0.167    0.167    0.167    0.167
(   2, Heat )  240.788  240.788  240.788  240.788  240.788  240.788  240.788  240.788  240.788  240.788  500.000  240.788  240.788
(   3, Elec )    0.167    0.167    0.167    0.167    0.167    0.167    0.167    0.167    0.167    0.167    0.167    0.167    0.167
(   3, Heat )  253.394  253.394  253.394  253.394  253.394  253.394  253.394  253.394  253.394  253.394  253.394  253.394  253.394
(   4, Elec )    0.167    0.167    0.167    0.167    0.167    0.167    0.167    0.167    0.167    0.167    0.167    0.167    0.167
(   5, Elec )    0.334    0.334    0.334    0.334    0.334    0.334    0.334    0.334    0.334    0.334    0.334    0.334    0.334
(   6, Elec )    0.334    0.334    0.334    0.334    0.334    0.334    0.334    0.334    0.334    0.334    0.334    0.334    0.334
(   7, Elec )    0.334    0.334    0.334    0.334    0.334    0.334    0.334    0.334    0.334    0.334    0.334    0.334    0.334
(   8, Elec )    0.334    0.334    0.334    0.334    0.334    0.334    0.334    0.334    0.334    0.334    0.334    0.334    0.334
(   8, Heat )             1.608    1.608    1.608    1.608    1.608    1.608    1.608             1.608             1.608         
(  10, Heat )  109.511  235.482  235.482  235.482  235.482  235.482  235.482  235.482    2.371  235.482           235.482    2.371
(  13, Elec )   47.392   47.392   47.392   47.392   44.671    0.167    0.167   47.392   47.392   47.392   47.392   47.392   36.994
(  14, Elec )   47.392   47.392   47.392   47.392   47.392    0.167    0.167   47.392   47.392   47.392   47.392   47.392   47.392
(  15, Elec )   47.392   47.392   47.392   47.392   47.392   17.652    5.660   47.392   47.392   47.392   47.392   47.392   47.392
(  16, Elec )   47.392   47.392   47.392   47.392   47.392   47.392   47.392   47.392   47.392   47.392   47.392   47.392   47.392
(  16, Heat )                                                                                            122.372                  
(  17, Heat )  499.187                                                                                   500.000                  
(  20, Heat )  345.700  345.700  345.700  345.700  345.700  345.700  345.700  345.700  345.700  345.700  345.700  345.700  345.700
(  23, Heat )  283.374  283.374  283.374  500.000  283.374  283.374  283.374  283.374  283.374  283.374  283.374  283.374  283.374
(  24, Heat )  500.000  500.000  500.000  500.000  500.000  500.000  500.000  500.000  500.000  500.000  500.000  500.000  500.000
(  25, Heat )  240.500  240.500  240.500  240.500  240.500  240.500  500.000  240.500  240.500  240.500  240.500  240.500  240.500
(  26, Heat )  240.500  240.500  240.500  240.500  500.000  240.500  240.500  240.500  240.500  240.500  240.500  240.500  240.500
(  27, Heat )   47.362   47.362   47.362   47.362   47.362   47.362  306.862   47.362   47.362   47.362   47.362   47.362   47.362
(  33, Elec )   11.737   11.737   11.737   11.737   11.737   11.737   11.737   11.737   11.737   11.737   11.737   11.737   11.737
(  34, Elec )   11.737   11.737   11.737   11.737   11.737   11.737   11.737   11.737   11.737   11.737   11.737   11.737   11.737
(  35, Elec )   11.737   11.737   11.737   11.737   11.737   11.737   11.737   11.737   11.737   11.737   11.737   11.737   11.737
(  36, Elec )   11.737   11.737   11.737   11.737   11.737   11.737   11.737   11.737   11.737   11.737   11.737   11.737   11.737
(  41, Heat )                                                                           24.239                                    
(  47, Heat )  500.000  500.000  500.000  500.000  500.000  500.000  500.000  500.000  500.000  500.000  500.000  500.000  500.000
(  48, Heat )  500.000  500.000  500.000  500.000  500.000  500.000  500.000  500.000  500.000  500.000  500.000  500.000  500.000
(  49, Heat )  359.773  359.773  359.773  359.773  359.773  359.773  359.773  359.773  359.773  359.773  359.773  359.773  359.773
(  51, Heat )                                                                  94.568                              94.568         
(  60, Heat )  242.766  242.766  242.766  242.766  242.766  242.766  242.766  242.766  242.766  242.766  242.766  242.766  500.000
(  62, Heat )  345.605  345.605  345.605  345.605  345.605  345.605  345.605  345.605  345.605  345.605  500.000  345.605  345.605
(  66, Heat )   62.973   62.973   62.973   62.973   62.973   62.973   62.973            62.973   62.973           189.308         
(  68, Heat )  275.700  275.700  275.700  275.700  275.700  275.700  275.700  275.700  275.700  275.700  275.700  275.700  275.700
(  70, Heat )   84.273   84.273   84.273   84.273   84.273   84.273   84.273   84.273   84.273   84.273   84.273   84.273   84.273
(  71, Heat )  257.425  257.425  257.425  257.425  257.425  257.425  257.425  257.425  500.000  257.425  257.425  257.425  257.425
(  72, Heat )  500.000  500.000  500.000  500.000  500.000  500.000  500.000  500.000  500.000  500.000  500.000  500.000  500.000
(  73, Heat )  500.000  500.000  500.000  500.000  500.000  500.000  500.000  500.000  500.000  500.000  500.000  500.000  500.000
(  74, Heat )  215.154  215.154  215.154  215.154  215.154  215.154  215.154  215.154  215.154  215.154  215.154  215.154  215.154
(  75, Heat )                                                                          177.370                             177.370
(  84, Heat )           257.362                                       74.913            74.913                                    
(  86, Heat )  243.665  377.867  368.648  500.000  243.665  243.665  243.665  243.665  243.665  243.665  500.000  243.665  500.000
(  88, Heat )  457.425  457.425  500.000  457.425  457.425  457.425  457.425  457.425  457.425  457.425  457.425  457.425  457.425
(  89, Heat )   66.715  108.249                     66.715   66.715            66.715            66.715            66.715         
(  90, Heat )  275.700  275.700  275.700  275.700  275.700  275.700  275.700  275.700  275.700  275.700  275.700  275.700  275.700
(  92, Heat )  275.700  275.700  275.700  275.700  275.700  275.700  275.700  275.700  275.700  275.700  275.700  275.700  275.700
(  94, Heat )  155.700  155.700  500.000  155.700  155.700  155.700  155.700  155.700  155.700  155.700  500.000  155.700  155.700
(  95, Heat )  240.500  240.500  500.000  240.500  240.500  240.500  240.500  240.500  240.500  240.500  500.000  240.500  240.500
(  96, Heat )  240.500  240.500  500.000  240.500  500.000  240.500  500.000  240.500  240.500  240.500  500.000  240.500  240.500
(  97, Heat )  240.500  240.500  500.000  240.500  240.500  240.500  240.500  240.500  240.500  240.500  500.000  240.500  240.500
(  98, Heat )  240.500  240.500  240.500  240.500  240.500  240.500  240.500  240.500  240.500  240.500  500.000  240.500  240.500
(  99, Heat )  500.000  500.000  500.000  500.000  500.000  500.000  500.000  500.000  500.000  500.000  500.000  500.000  500.000
( 100, Heat )  286.401  286.401  293.731  286.401  286.401  286.401  286.401  286.401  286.401  286.401  500.000  286.401  286.401
( 101, Elec )    2.045    2.045    2.045    2.045    2.045    2.045    2.045    2.045    2.045    2.045    2.045    2.045    2.045
( 101, Heat )                                                                                    97.741                           
( 102, Elec )    2.045    2.045    2.045    2.045    2.045    2.045    2.045    2.045    2.045    2.045    2.045    2.045    2.045
( 103, Elec )    2.045    2.045    2.045    2.045    2.045    2.045    2.045    2.045    2.045    2.045    2.045    2.045    2.045
( 104, Elec )    2.045    2.045    2.045    2.045    2.045    2.045    2.045    2.045    2.045    2.045    2.045    2.045    2.045
( 110, Heat )  403.573  403.573  403.573  403.573  403.573  403.573  403.573  403.573  403.573  403.573  403.573  403.573  403.573
( 112, Heat )  284.939  284.939  284.939  284.939  284.939  284.939  284.939  284.939  284.939  284.939  284.939  284.939  284.939
( 113, Heat )  191.012  191.012  191.012  191.012  191.012  191.012  191.012  191.012  191.012  191.012  191.012  191.012  191.012
( 115, Heat )  500.000  500.000  500.000  500.000  500.000  500.000  500.000  500.000  500.000  500.000  500.000  500.000  500.000
( 118, Heat )  323.104  323.104  500.000  323.104  323.104  323.104  323.104  323.104  323.104  323.104  323.104  323.104  323.104
( 120, Heat )  500.000  500.000  500.000  500.000  500.000  500.000  500.000  500.000  500.000  500.000  500.000  500.000  500.000
( 121, Heat )  341.634  341.634  341.634  341.634  341.634  341.634  341.634  341.634  341.634  341.634  341.634  341.634  341.634
( 122, Heat )  329.232  329.232  329.232  329.232  329.232  329.232  329.232  329.232  329.232  329.232  329.232  329.232  329.232
( 123, Heat )  246.550  246.550  246.550  246.550  500.000  246.550  246.550  246.550  246.550  246.550  500.000  246.550  246.550
( 124, Heat )   80.673   80.673   80.673   80.673   80.673   80.673   80.673   80.673   80.673   80.673   80.673   80.673   80.673
( 125, Heat )   22.922   22.922   22.922   22.922   22.922   22.922   22.922   22.922   22.922   22.922   22.922   22.922   22.922
( 126, Heat )                                                                                   173.980                           
( 128, Heat )  137.067                             137.067                                                                        
( 132, Heat )    2.507    2.507    2.507    2.507    2.507    2.507    2.507    2.507    2.507    2.507    2.507    2.507    2.507
( 134, Heat )  211.849  211.849  211.849  211.849  211.849  211.849  211.849  211.849  211.849  211.849  211.849  211.849  211.849
( 137, Heat )   63.926  189.138  105.017  189.138           189.138  189.138  189.138  189.138   33.367           189.138  189.138
( 139, Heat )  240.500  367.800  240.500  240.500  240.500  240.500  240.500  240.500  240.500  240.500  240.500  500.000  240.500
( 142, Heat )  337.919  500.000  337.919  337.919  337.919  337.919  337.919  337.919  337.919  337.919  337.919  337.919  337.919
( 144, Heat )  349.180  349.180  349.180  349.180  349.180  349.180  349.180  349.180  349.180  349.180  349.180  349.180  349.180
( 145, Heat )  240.500  240.500  240.500  240.500  240.500  240.500  240.500  500.000  240.500  240.500  240.500  240.500  240.500
( 146, Heat )  495.200  495.200  495.200  495.200  495.200  495.200  495.200  495.200  495.200  495.200  495.200  495.200  495.200
( 147, Heat )  500.000  500.000  500.000  500.000  500.000  500.000  500.000  500.000  500.000  500.000  500.000  500.000  500.000
( 148, Heat )           184.665                                                                                                   
( 149, Elec )    0.334    0.334    0.334    0.334    0.334    0.334    0.334    0.334    0.334    0.334    0.334    0.334    0.334
( 150, Elec )    0.334    0.334    0.334    0.334    0.334    0.334    0.334    0.334    0.334    0.334    0.334    0.334    0.334
( 151, Elec )    0.334    0.334    0.334    0.334    0.334    0.334    0.334    0.334    0.334    0.334    0.334    0.334    0.334
( 152, Elec )    0.334    0.334    0.334    0.334    0.334    0.334    0.334    0.334    0.334    0.334    0.334    0.334    0.334
( 157, Elec )    0.502    0.502    0.502    0.502    0.502    0.502    0.502    0.502    0.502    0.502    0.502    0.502    0.502
( 158, Elec )    0.502    0.502    0.502    0.502    0.502    0.502    0.502    0.502    0.502    0.502    0.502    0.502    0.502
( 159, Elec )    0.502    0.502    0.502    0.502    0.502    0.502    0.502    0.502    0.502    0.502    0.502    0.502    0.502
( 160, Elec )    0.502    0.502    0.502    0.502    0.502    0.502    0.502    0.502    0.502    0.502    0.502    0.502    0.502
( 161, Heat )                                                        125.212                                                      
( 163, Heat )  261.503  261.503  261.503  261.503  261.503  261.503  500.000  261.503  261.503  500.000  261.503  261.503  261.503
( 166, Heat )                     70.700                                                                                          
( 167, Heat )                    298.391                                                                 259.500                  
( 168, Heat )                                                                 221.727  259.500                                    

            +       14       15       16       17       18       19       20
            !  -------  -------  -------  -------  -------  -------  -------
(   2, Elec )    0.167    0.167    0.167    0.167    0.167    0.167    0.167
(   2, Heat )  240.788  240.788  240.788  240.788  240.788  240.788  240.788
(   3, Elec )    0.167    0.167    0.167    0.167    0.167    0.167    0.167
(   3, Heat )  253.394  253.394  253.394  253.394  253.394  253.394  253.394
(   4, Elec )    0.167    0.167    0.167    0.167    0.167    0.167    0.167
(   5, Elec )    0.334    0.334    0.334    0.334    0.334    0.334    0.334
(   6, Elec )    0.334    0.334    0.334    0.334    0.334    0.334    0.334
(   7, Elec )    0.334    0.334    0.334    0.334    0.334    0.334    0.334
(   8, Elec )    0.334    0.334    0.334    0.334    0.334    0.334    0.334
(   8, Heat )    1.608    1.608    1.608             1.608             1.608
(  10, Heat )  235.482  235.482  235.482    2.371  235.482           235.482
(  13, Elec )   47.392   47.392   47.392   47.392   47.392   47.392   47.392
(  14, Elec )   47.392   47.392   47.392   47.392   47.392   47.392   47.392
(  15, Elec )   47.392   47.392   47.392   47.392   47.392   47.392   47.392
(  16, Elec )   47.392   47.392   47.392   47.392   47.392   47.392   47.392
(  20, Heat )  345.700  345.700  345.700  345.700  345.700  345.700  345.700
(  23, Heat )  283.374  283.374  283.374  283.374  283.374  283.374  283.374
(  24, Heat )  500.000  500.000  500.000  500.000  500.000  500.000  500.000
(  25, Heat )  500.000  240.500  240.500  240.500  240.500  240.500  240.500
(  26, Heat )  240.500  240.500  240.500  240.500  240.500  500.000  240.500
(  27, Heat )   47.362   47.362   47.362   47.362   47.362   47.362   47.362
(  33, Elec )   11.737   11.737   11.737   11.737   11.737   11.737   11.737
(  34, Elec )   11.737   11.737   11.737   11.737   11.737   11.737   11.737
(  35, Elec )   11.737   11.737   11.737   11.737   11.737   11.737   11.737
(  36, Elec )   11.737   11.737   11.737   11.737   11.737   11.737   11.737
(  47, Heat )  500.000  500.000  500.000  500.000  500.000  500.000  500.000
(  48, Heat )  500.000  500.000  500.000  500.000  500.000  500.000  500.000
(  49, Heat )  359.773  359.773  359.773  500.000  359.773  359.773  359.773
(  50, Heat )                    151.471                                    
(  60, Heat )  242.766  242.766  242.766  242.766  242.766  242.766  242.766
(  62, Heat )  345.605  345.605  345.605  345.605  345.605  345.605  500.000
(  66, Heat )   62.973   62.973  141.671            62.973   62.973         
(  68, Heat )  275.700  275.700  275.700  275.700  275.700  275.700  275.700
(  70, Heat )  155.700   84.273   84.273   84.273   84.273   84.273   84.273
(  71, Heat )  257.425  500.000  257.425  257.425  257.425  257.425  257.425
(  72, Heat )  500.000  500.000  500.000  500.000  500.000  500.000  500.000
(  73, Heat )  500.000  500.000  500.000  500.000  500.000  500.000  500.000
(  74, Heat )  215.154  215.154  215.154  215.154  215.154  474.654  215.154
(  86, Heat )  243.665  243.665  500.000  243.665  446.513  243.665  243.665
(  88, Heat )  457.425  457.425  457.425  457.425  457.425  457.425  457.425
(  89, Heat )    7.705                     66.715  108.249            66.715
(  90, Heat )  275.700  275.700  275.700  275.700  275.700  275.700  275.700
(  92, Heat )  275.700  275.700  275.700  275.700  275.700  275.700  275.700
(  94, Heat )  155.700  155.700  155.700  500.000  155.700  155.700  155.700
(  95, Heat )  500.000  240.500  240.500  240.500  240.500  240.500  240.500
(  96, Heat )  240.500  240.500  240.500  305.137  240.500  240.500  240.500
(  97, Heat )  240.500  240.500  240.500  500.000  240.500  240.500  240.500
(  98, Heat )  240.500  240.500  240.500  500.000  500.000  240.500  240.500
(  99, Heat )  500.000  500.000  500.000  500.000  500.000  500.000  500.000
( 100, Heat )  286.401  286.401  286.401  500.000  286.401  286.401  286.401
( 101, Elec )    2.045    2.045    2.045    2.045    2.045    2.045    2.045
( 102, Elec )    2.045    2.045    2.045    2.045    2.045    2.045    2.045
( 103, Elec )    2.045    2.045    2.045    2.045    2.045    2.045    2.045
( 104, Elec )    2.045    2.045    2.045    2.045    2.045    2.045    2.045
( 110, Heat )  403.573  403.573  403.573  500.000  403.573  403.573  403.573
( 112, Heat )  284.939  284.939  284.939  284.939  284.939  284.939  284.939
( 113, Heat )  191.012  191.012  191.012  191.012  191.012  191.012  191.012
( 115, Heat )  500.000  500.000  500.000  500.000  500.000  500.000  500.000
( 118, Heat )  323.104  323.104  323.104  323.104  323.104  323.104  323.104
( 120, Heat )  500.000  500.000  500.000  500.000  500.000  500.000  500.000
( 121, Heat )  500.000  341.634  341.634  341.634  341.634  341.634  341.634
( 122, Heat )  329.232  329.232  329.232  329.232  329.232  329.232  329.232
( 123, Heat )  246.550  246.550  500.000  246.550  246.550  246.550  246.550
( 124, Heat )   80.673   80.673   80.673   80.673  340.173   80.673   80.673
( 125, Heat )   22.922   22.922   22.922   22.922   22.922  282.422   22.922
( 126, Heat )  173.980                                                      
( 132, Heat )    2.507    2.507    2.507    2.507    2.507    2.507    2.507
( 134, Heat )  211.849  211.849  211.849  471.349  211.849  211.849  211.849
( 137, Heat )           189.138           208.868                    460.660
( 139, Heat )  240.500  240.500  240.500  500.000  240.500  500.000  500.000
( 142, Heat )  337.919  337.919  337.919  337.919  337.919  500.000  337.919
( 144, Heat )  349.180  349.180  500.000  349.180  349.180  349.180  349.180
( 145, Heat )  240.500  240.500  500.000  240.500  240.500  240.500  240.500
( 146, Heat )  495.200  495.200  495.200  495.200  495.200  495.200  495.200
( 147, Heat )  500.000  500.000  500.000  500.000  500.000  500.000  500.000
( 149, Elec )    0.334    0.334    0.334    0.334    0.334    0.334    0.334
( 150, Elec )    0.334    0.334    0.334    0.334    0.334    0.334    0.334
( 151, Elec )    0.334    0.334    0.334    0.334    0.334    0.334    0.334
( 152, Elec )    0.334    0.334    0.334    0.334    0.334    0.334    0.334
( 157, Elec )    0.502    0.502    0.502    0.502    0.502    0.502    0.502
( 158, Elec )    0.502    0.502    0.502    0.502    0.502    0.502    0.502
( 159, Elec )    0.502    0.502    0.502    0.502    0.502    0.502    0.502
( 160, Elec )    0.502    0.502    0.502    0.502    0.502    0.502    0.502
( 163, Heat )  261.503  261.503  261.503  500.000  261.503  261.503  261.503
( 168, Heat )           259.500                                             
    ;


