
    Storage_output_energy(t,x,z) := data table 
                     1        2        3        4        5        6        7        8        9       10       11       12       13
            !  -------  -------  -------  -------  -------  -------  -------  -------  -------  -------  -------  -------  -------
(   1, Elec )  150.000  150.000  150.000  150.000  150.000  150.000  150.000  150.000  150.000  150.000  150.000  150.000  150.000
(   9, Heat )  376.316  376.316  376.316  376.316  376.316  376.316  376.316  376.316  376.316  376.316  376.316  376.316  376.316
(  11, Heat )  188.833  188.833  188.833  188.833  188.833  188.833  188.833  188.833  188.833  188.833  188.833  188.833  188.833
(  18, Elec )   24.907                                                                                                            
(  18, Heat )  400.298                                                                                                            
(  21, Heat )  277.217  277.217  277.217  277.217  277.217  277.217  277.217  277.217  277.217  277.217  277.217  277.217  277.217
(  22, Heat )                                                                                            480.000                  
(  23, Elec )                              24.783                                                                                 
(  28, Heat )   97.684   97.684   97.684  264.552  303.696   97.684  500.000   97.684            97.684   97.684  157.102   97.684
(  29, Heat )                                                          9.632                                                      
(  34, Heat )   63.867   63.867   63.867   63.867   63.867   63.867   63.867   63.867   63.867   63.867   63.867    7.927   63.867
(  42, Elec )                                                                           11.044                                    
(  42, Heat )                                                                          104.300                                    
(  44, Elec )                                                                 150.000                              73.216         
(  44, Heat )  500.000  500.000  500.000  500.000  500.000  500.000  500.000  500.000  500.000  500.000  500.000  500.000  500.000
(  45, Heat )  119.300  119.300  119.300  119.300  119.300  119.300  119.300  119.300  119.300  119.300  119.300  119.300  119.300
(  46, Heat )  109.300  109.300  109.300  109.300  109.300  109.300  109.300  109.300  109.300  109.300  109.300  109.300  109.300
(  47, Elec )  150.000                    150.000                                                                                 
(  50, Heat )                                                                  17.467                                             
(  56, Heat )  500.000  500.000  500.000  500.000  500.000  500.000  500.000  500.000  500.000  500.000  500.000  500.000  500.000
(  59, Heat )  500.000  500.000  500.000  500.000  500.000  500.000  500.000  500.000  500.000  500.000  500.000  500.000  500.000
(  60, Elec )                                                                                                                1.310
(  61, Heat )                                                                                             72.686           152.639
(  62, Elec )                                                                                             60.754                  
(  67, Heat )  500.000  500.000  500.000  500.000  500.000  500.000  500.000  500.000  500.000  500.000  500.000  500.000  500.000
(  68, Elec )                                                                          150.000                                    
(  69, Elec )                                                                                                      98.995         
(  69, Heat )  221.084  221.084  221.084  221.084  221.084  221.084  221.084  221.084  221.084  221.084  221.084  384.300  221.084
(  71, Elec )                                                                            9.783                                    
(  75, Heat )                              82.130                      4.220                              82.130                  
(  76, Heat )                              77.225                                      333.267            77.225           300.767
(  81, Heat )  500.000  500.000  500.000  500.000  500.000  500.000  500.000  500.000  500.000  500.000  500.000  500.000  500.000
(  82, Heat )  500.000  500.000  500.000  500.000  500.000  500.000  500.000  500.000  500.000  500.000  500.000  500.000  500.000
(  85, Heat )           351.202                                                                                                   
(  86, Elec )                                                                                                                1.830
(  87, Heat )  303.011  303.011  303.011  311.488  303.011  303.011  303.011  303.011  303.011  303.011  311.488  303.011  311.488
(  89, Heat )                     78.331                                                                                          
(  91, Heat )  500.000  500.000  500.000  500.000  500.000  500.000  500.000  500.000  500.000  500.000  500.000  500.000  500.000
(  93, Heat )  384.300  384.300  384.300  384.300  384.300  384.300  384.300  384.300  384.300  384.300  384.300  384.300  384.300
(  94, Elec )                                                                                             35.087                  
(  94, Heat )                    344.300                                                                 405.000                  
(  95, Elec )                                                                                             41.932                  
(  95, Heat )                    259.500                                                                  72.542                  
(  96, Heat )                                                                                            259.500                  
(  97, Heat )                                                                                            259.500                  
( 100, Elec )                                                                                             26.532                  
( 100, Heat )                      7.330                                                                                          
( 101, Heat )  158.222  158.222  158.222  158.222  158.222  158.222  158.222  158.222  158.222           158.222  158.222  158.222
( 102, Heat )  193.346  193.346  193.346  193.346  193.346  193.346  193.346  193.346  193.346  193.346  193.346  193.346  193.346
( 103, Heat )  500.000  500.000  500.000  500.000  500.000  500.000  500.000  500.000  500.000  500.000  500.000  500.000  500.000
( 104, Heat )  255.111  255.111  500.000  255.111  449.067    4.759  449.067  255.111  255.111  485.452  500.000  255.111  255.111
( 105, Elec )                                                72.547                                                               
( 105, Heat )  252.152  252.152  360.497  252.152  252.152  500.000  252.152  252.152  252.152  252.152  291.199  252.152  252.152
( 114, Heat )  500.000  500.000  500.000  500.000  500.000  500.000  500.000  500.000  500.000  500.000  500.000  500.000  500.000
( 115, Elec )                                                                                   150.000                           
( 116, Heat )  109.300  109.300  109.300  109.300  109.300  109.300  109.300  109.300  109.300  109.300  109.300  109.300  109.300
( 117, Heat )  500.000  500.000  500.000  500.000  500.000  500.000  500.000  500.000  500.000  500.000  500.000  500.000  500.000
( 118, Elec )                     47.748                                                                                          
( 119, Heat )  319.300  319.300  319.300  319.300  319.300  319.300  319.300  319.300  319.300  319.300  319.300  319.300  319.300
( 123, Elec )                                        3.497                                                 3.497                  
( 126, Heat )                                       85.520                                                28.086                  
( 127, Heat )                                       55.286                                                                        
( 129, Elec )           150.000                                                                                            150.000
( 129, Heat )  500.000  500.000  500.000  500.000  500.000  500.000  500.000  500.000  500.000  500.000  500.000  500.000  500.000
( 130, Heat )  438.675  438.675  438.675  438.675  438.675  438.675  438.675  438.675  438.675  438.675  438.675  438.675  438.675
( 138, Heat )  500.000  500.000  500.000  500.000  500.000  500.000  500.000  500.000  500.000  500.000  500.000  500.000  500.000
( 140, Heat )  109.300  109.300  109.300  109.300  109.300  109.300  109.300  109.300  109.300  109.300  109.300  109.300  109.300
( 141, Heat )   82.721   82.721   82.721   82.721   82.721   82.721   82.721   82.721   82.721   82.721   82.721  288.734   82.721
( 143, Elec )            10.328                                                                                                   
( 143, Heat )  270.977  500.000  270.977  270.977  270.977  270.977  270.977  270.977  270.977  270.977  270.977  270.977  270.977
( 148, Heat )    1.616            74.835    1.616   74.835    1.616            74.835    1.616   74.835    1.616    1.616    1.616
( 149, Heat )           157.068  207.799           207.799                    129.426           149.883                           
( 153, Heat )            19.850                                                                                                   
( 157, Heat )  274.996  274.996   16.364  274.996   16.364  274.996  274.996  274.996  274.996  274.996  274.996  274.996  274.996
( 159, Heat )   25.366            25.366   25.366   25.366   25.366   25.366   25.366   25.366   25.366   25.366   25.366   25.366
( 162, Elec )                                      150.000                                                                        
( 162, Heat )  500.000  500.000  500.000  500.000  500.000  500.000  500.000  500.000  500.000  500.000  500.000  500.000  500.000
( 163, Elec )                                                                                    12.140                           
( 164, Heat )  500.000  500.000  500.000  500.000  500.000  500.000  500.000  500.000  500.000  500.000  500.000  500.000  500.000
( 165, Elec )                                                         59.961                                                      
( 165, Heat )    6.174    6.174    6.174    6.174    6.174    6.174  294.300    6.174    6.174    6.174    6.174    6.174    6.174
( 166, Elec )                    109.133                                                                                          
( 167, Heat )                    298.391                                                                                          
( 168, Elec )                                                                  21.834                                             

            +       14       15       16       17       18       19       20
            !  -------  -------  -------  -------  -------  -------  -------
(   1, Elec )  150.000  150.000  150.000  150.000  150.000  150.000  150.000
(   9, Heat )  376.316  376.316  376.316  376.316  376.316  376.316  376.316
(  11, Heat )  188.833  188.833  188.833  188.833  188.833  188.833  188.833
(  20, Elec )                                      150.000                  
(  21, Heat )  277.217  277.217  277.217  277.217  277.217  277.217  277.217
(  28, Heat )  301.636   97.684   97.684   97.684   97.684  164.985   97.684
(  34, Heat )   63.867   63.867   63.867   63.867   63.867   63.867   63.867
(  43, Elec )                                               112.719         
(  43, Heat )                                               119.300         
(  44, Heat )  500.000  500.000  500.000  500.000  500.000  500.000  500.000
(  45, Elec )           150.000                                             
(  45, Heat )  119.300  119.300  119.300  119.300  119.300  119.300  119.300
(  46, Heat )  109.300  109.300  109.300  109.300  109.300  109.300  109.300
(  49, Elec )                              68.944                           
(  50, Heat )                              52.541                           
(  56, Heat )  500.000  500.000  500.000  500.000  500.000  500.000  500.000
(  59, Heat )  500.000  500.000  500.000  500.000  500.000  500.000  500.000
(  61, Heat )                                                         72.686
(  62, Elec )                                                         60.754
(  67, Heat )  500.000  500.000  500.000  500.000  500.000  500.000  500.000
(  69, Elec )                     98.995                                    
(  69, Heat )  221.084  221.084  384.300  221.084  221.084  221.084  221.084
(  70, Elec )  108.713                                                      
(  71, Elec )             9.783                                             
(  75, Heat )            82.130   82.130                     82.130         
(  76, Heat )            43.965   77.225                     63.121         
(  81, Heat )  500.000  500.000  500.000  500.000  500.000  500.000  500.000
(  82, Heat )  500.000  500.000  500.000  500.000  500.000  500.000  500.000
(  87, Elec )                                       27.087                  
(  87, Heat )  303.011  303.011  311.488  303.011  500.000  303.011  303.011
(  91, Heat )  500.000  500.000  500.000  500.000  500.000  500.000  500.000
(  93, Heat )  384.300  384.300  384.300  384.300  384.300  384.300  384.300
(  94, Heat )                             344.300                           
(  96, Heat )                              64.637                           
( 100, Heat )                             213.599                           
( 101, Heat )  158.222  158.222  158.222  158.222  158.222  158.222  158.222
( 102, Heat )  193.346  193.346  193.346  193.346  193.346  193.346  193.346
( 103, Heat )  477.170  500.000  500.000  500.000  500.000  500.000  500.000
( 104, Heat )           255.111  255.111  500.000  453.005  255.111  255.111
( 105, Heat )  252.152  252.152  252.152  373.330  252.152  252.152  252.152
( 110, Elec )                              85.890                           
( 111, Heat )  241.989                                                      
( 114, Heat )  500.000  500.000  500.000  500.000  500.000  500.000  500.000
( 116, Heat )  109.300  109.300  109.300  109.300  109.300  109.300  109.300
( 117, Elec )            13.495                                             
( 117, Heat )  500.000  500.000  500.000  500.000  500.000  500.000  500.000
( 119, Heat )  500.000  319.300  319.300  319.300  319.300  319.300  319.300
( 121, Elec )   58.459                                                      
( 123, Elec )                      3.497                                    
( 126, Heat )                     28.086            34.901   36.982         
( 127, Heat )   90.885                                                      
( 129, Elec )                                                        103.659
( 129, Heat )  500.000  500.000  500.000  500.000  500.000  500.000  500.000
( 130, Heat )  438.675  438.675  438.675  438.675  438.675  438.675  438.675
( 138, Heat )  500.000  500.000  500.000  500.000  500.000  500.000  500.000
( 140, Heat )  109.300  109.300  109.300  109.300  109.300  109.300  109.300
( 141, Heat )   82.721   82.721   82.721  500.000   82.721  288.734  500.000
( 142, Elec )                                                56.311         
( 143, Heat )  270.977  270.977  270.977  270.977  270.977  400.950  270.977
( 144, Elec )                     62.821                                    
( 148, Heat )   74.835    1.616   74.835   74.835    1.616    1.616    1.616
( 149, Heat )  207.799           245.603  149.883                           
( 157, Heat )   16.364  274.996  274.996  274.996  274.996  274.996  274.996
( 159, Heat )   25.366   25.366   25.366   25.366   25.366   25.366   25.366
( 162, Heat )  500.000  500.000  500.000  500.000  500.000  500.000  500.000
( 163, Elec )                              12.140                           
( 164, Heat )  500.000  500.000  500.000  500.000  500.000  500.000  500.000
( 165, Heat )    6.174    6.174    6.174    6.174    6.174    6.174    6.174
    ;


